eink
1
0,0
11323 10417 0
11323 10416 0
11323 10416 0
11323 10414 0
11323 10413 0
11323 10411 0
11323 10409 0
11323 10406 0
11323 10404 0
11323 10401 0
11324 10398 0
11324 10395 0
11324 10391 0
11325 10384 0
11325 10378 0
11326 10372 0
11327 10369 0
11328 10366 0
11329 10363 0
11330 10361 0
11331 10358 0
11332 10355 0
11333 10353 0
11333 10351 0
11336 10349 0
11337 10347 0
11338 10345 0
11340 10343 0
11341 10341 0
11343 10339 0
11344 10338 0
11346 10336 0
11346 10335 0
11349 10333 0
11350 10332 0
11352 10331 0
11353 10330 0
11355 10328 0
11356 10327 0
11357 10326 0
11359 10325 0
11359 10324 0
11362 10323 0
11363 10322 0
11364 10321 0
11366 10320 0
11367 10319 0
11368 10317 0
11369 10317 0
11371 10317 0
11371 10316 0
11372 10315 0
11374 10314 0
11375 10314 0
11376 10313 0
11377 10312 0
11379 10312 0
11380 10311 0
11381 10310 0
11382 10310 0
11383 10309 0
11384 10309 0
11384 10308 0
11385 10307 0
11387 10306 0
11388 10305 0
11389 10305 0
11390 10304 0
11391 10303 0
11392 10303 0
11392 10302 0
11393 10301 0
11394 10300 0
11394 10299 0
11395 10299 0
11396 10298 0
11396 10297 0
11397 10296 0
11397 10295 0
11397 10294 0
11399 10293 0
11399 10292 0
11400 10292 0
11400 10291 0
11401 10290 0
11401 10289 0
11402 10288 0
11402 10287 0
11403 10286 0
11403 10285 0
11404 10284 0
11405 10283 0
11405 10282 0
11406 10281 0
11407 10279 0
11408 10279 0
11408 10278 0
11409 10277 0
11409 10276 0
11410 10275 0
11412 10274 0
11413 10273 0
11414 10272 0
11415 10271 0
11416 10270 0
11417 10269 0
11418 10269 0
11419 10268 0
11421 10267 0
11422 10266 0
11422 10265 0
11423 10264 0
11426 10263 0
11427 10262 0
11429 10261 0
11430 10261 0
11431 10260 0
11433 10259 0
11434 10258 0
11435 10257 0
11436 10257 0
11439 10256 0
11441 10255 0
11444 10254 0
11445 10253 0
11447 10252 0
11447 10252 0
11450 10251 0
11451 10250 0
11453 10249 0
11454 10249 0
11456 10248 0
11458 10247 0
11460 10246 0
11460 10245 0
11463 10244 0
11465 10244 0
11467 10243 0
11470 10241 0
11473 10239 0
11476 10238 0
11479 10236 0
11482 10235 0
11485 10234 0
11486 10232 0
11489 10231 0
11491 10230 0
11493 10228 0
11495 10228 0
11498 10228 0
11499 10227 0
11502 10226 0
11504 10225 0
11506 10224 0
11509 10223 0
11511 10222 0
11512 10221 0
11515 10220 0
11517 10220 0
11518 10219 0
11520 10218 0
11522 10217 0
11523 10217 0
11524 10216 0
11526 10216 0
11528 10215 0
11529 10214 0
11531 10214 0
11532 10213 0
11533 10213 0
11534 10212 0
11536 10212 0
11536 10211 0
11537 10211 0
11539 10210 0
11540 10209 0
11541 10209 0
11543 10208 0
11544 10208 0
11545 10207 0
11546 10206 0
11547 10206 0
11548 10205 0
11549 10205 0
11549 10204 0
11549 10204 0
11550 10203 0
11552 10203 0
11553 10202 0
11554 10202 0
11554 10201 0
11555 10201 0
11556 10200 0
11557 10199 0
11558 10199 0
11559 10198 0
11560 10197 0
11561 10197 0
11562 10196 0
11562 10195 0
11562 10194 0
11562 10193 0
11563 10192 0
11563 10190 0
11563 10190 0
11565 10189 0
11565 10188 0
11566 10187 0
11566 10186 0
11567 10185 0
11568 10185 0
11569 10184 0
11570 10183 0
11571 10182 0
11572 10182 0
11573 10181 0
11573 10180 0
11574 10179 0
11574 10179 0
11574 10178 0
11575 10177 0
11577 10176 0
11578 10175 0
11578 10175 0
11579 10174 0
11579 10173 0
11579 10172 0
11580 10171 0
11580 10170 0
11580 10169 0
11580 10168 0
11581 10168 0
11581 10167 0
11582 10166 0
11583 10165 0
11584 10164 0
11585 10164 0
11586 10164 0
11587 10163 0
11587 10163 0
11588 10163 0
11590 10162 0
11591 10162 0
11591 10161 0
11591 10160 0
11590 10159 0
11587 10157 0
11586 10156 0
11584 10154 0
11581 10152 0
11579 10151 0
11574 10149 0
11572 10147 0
11568 10145 0
11562 10142 0
11559 10139 0
11554 10136 0
11549 10133 0
11543 10130 0
11537 10126 0
11532 10122 0
11526 10119 0
11519 10115 0
11512 10111 0
11507 10107 0
11501 10104 0
11495 10100 0
11489 10097 0
11484 10094 0
11478 10091 0
11473 10088 0
11468 10085 0
11464 10083 0
11459 10080 0
11455 10078 0
11451 10076 0
11447 10074 0
11443 10072 0
11440 10070 0
11438 10070 0
11435 10068 0
11435 10067 0
11435 10066 0
11435 10065 0
11435 10065 0
11438 10063 0
11439 10063 0
11442 10063 0
11444 10063 0
11447 10062 0
11455 10062 0
11469 10062 0
11484 10062 0
11501 10062 0
11520 10061 0
11542 10061 0
11567 10061 0
11595 10060 0
11625 10059 0
11660 10059 0
11697 10057 0
11738 10056 0
11782 10055 0
11828 10053 0
11879 10052 0
11930 10050 0
11984 10048 0
12036 10046 0
12086 10044 0
12133 10042 0
12179 10040 0
11217 12120 0
11217 12119 0
11218 12119 0
11219 12118 0
11219 12117 0
11219 12116 0
11220 12115 0
11222 12114 0
11223 12113 0
11223 12112 0
11224 12111 0
11225 12109 0
11226 12108 0
11227 12106 0
11227 12105 0
11227 12104 0
11228 12102 0
11228 12101 0
11228 12100 0
11227 12099 0
11227 12097 0
11227 12095 0
11226 12095 0
11225 12094 0
11224 12093 0
11224 12092 0
11223 12091 0
11220 12090 0
11219 12089 0
11219 12088 0
11217 12087 0
11215 12086 0
11214 12085 0
11212 12084 0
11210 12084 0
11207 12082 0
11206 12082 0
11204 12081 0
11202 12080 0
11200 12079 0
11198 12078 0
11194 12078 0
11193 12077 0
11191 12076 0
11188 12075 0
11186 12074 0
11184 12074 0
11181 12073 0
11179 12072 0
11177 12071 0
11175 12071 0
11173 12070 0
11169 12069 0
11168 12069 0
11166 12068 0
11164 12067 0
11161 12067 0
11159 12066 0
11156 12066 0
11155 12066 0
11153 12065 0
11150 12065 0
11148 12064 0
11146 12064 0
11143 12063 0
11142 12063 0
11139 12063 0
11137 12063 0
11135 12062 0
11133 12062 0
11130 12062 0
11129 12061 0
11127 12061 0
11125 12061 0
11124 12061 0
11122 12060 0
11120 12060 0
11117 12060 0
11117 12060 0
11115 12060 0
11114 12059 0
11112 12059 0
11111 12059 0
11109 12057 0
11108 12057 0
11107 12057 0
11105 12057 0
11104 12056 0
11103 12056 0
11102 12055 0
11101 12055 0
11100 12054 0
11099 12053 0
11098 12053 0
11097 12052 0
11096 12051 0
11095 12051 0
11095 12050 0
11093 12050 0
11092 12049 0
11092 12049 0
11091 12049 0
11091 12048 0
11090 12048 0
11089 12048 0
11088 12048 0
11087 12048 0
11086 12049 0
11085 12049 0
11085 12050 0
11084 12050 0
11083 12050 0
11082 12051 0
11080 12051 0
11079 12051 0
11079 12052 0
11079 12052 0
11078 12052 0
11077 12052 0
11076 12052 0
11075 12052 0
11074 12051 0
11073 12051 0
11072 12050 0
11071 12049 0
11070 12049 0
11069 12048 0
11069 12047 0
11067 12046 0
11066 12044 0
11066 12044 0
11066 12043 0
11066 12041 0
11065 12040 0
11065 12038 0
11064 12036 0
11064 12034 0
11064 12031 0
11064 12030 0
11065 12030 0
11065 12029 0
11065 12028 0
11065 12027 0
11066 12027 0
11066 12026 0
11066 12025 0
11067 12025 0
11067 12024 0
11067 12024 0
11069 12024 0
11069 12024 0
11069 12024 0
11070 12024 0
11070 12023 0
11071 12023 0
11072 12023 0
11073 12023 0
11073 12022 0
11074 12022 0
11075 12022 0
11076 12022 0
11077 12022 0
11077 12021 0
11078 12021 0
11079 12021 0
11079 12021 0
11080 12022 0
11082 12022 0
11083 12022 0
11084 12022 0
11085 12022 0
11086 12022 0
11087 12022 0
11088 12022 0
11089 12023 0
11090 12023 0
11090 12024 0
11091 12024 0
11091 12025 0
11092 12025 0
11092 12026 0
11092 12026 0
11092 12027 0
11093 12027 0
11095 12028 0
11095 12029 0
11096 12029 0
11097 12030 0
11098 12030 0
11099 12031 0
11100 12031 0
11101 12031 0
11102 12031 0
11103 12031 0
11104 12031 0
11105 12033 0
11105 12033 0
11107 12033 0
11108 12033 0
11109 12033 0
11110 12033 0
11112 12033 0
11113 12031 0
11114 12031 0
11116 12031 0
11117 12031 0
11118 12031 0
11121 12031 0
11123 12030 0
11125 12029 0
11127 12028 0
11130 12027 0
11131 12026 0
11135 12025 0
11138 12024 0
11141 12022 0
11143 12019 0
11147 12018 0
11151 12016 0
11155 12013 0
11160 12010 0
11165 11999 0
11168 11989 0
11173 11975 0
11179 11947 0
11186 11916 0
11192 11882 0
11199 11848 0
11204 11813 0
11210 11779 0
11215 11746 0
11219 11717 0
11225 11688 0
11229 11660 0
11234 11631 0
11238 11604 0
11241 11579 0
11244 11554 0
11248 11532 0
11251 11510 0
11254 11492 0
11257 11474 0
11260 11458 0
11264 11442 0
11270 11426 0
11276 11411 0
11281 11396 0
11286 11381 0
11290 11367 0
11294 11353 0
11296 11340 0
11299 11326 0
11301 11313 0
11302 11300 0
11302 11286 0
11301 11271 0
11299 11256 0
11295 11241 0
11292 11226 0
11287 11211 0
11281 11195 0
11275 11179 0
11267 11163 0
11260 11147 0
11252 11130 0
11244 11113 0
11236 11095 0
11228 11077 0
11224 11059 0
11217 11040 0
11211 11022 0
11206 11003 0
11204 10985 0
11202 10966 0
11200 10949 0
11199 10931 0
11198 10913 0
11197 10896 0
11197 10879 0
11197 10863 0
11197 10848 0
11198 10835 0
11198 10822 0
11198 10810 0
11199 10799 0
11200 10787 0
11200 10779 0
11201 10769 0
11201 10760 0
11202 10751 0
11202 10741 0
11203 10732 0
11203 10724 0
11203 10715 0
11202 10707 0
11201 10698 0
11200 10691 0
11199 10684 0
11197 10678 0
11197 10675 0
11196 10671 0
11194 10668 0
11194 10665 0
11193 10662 0
11193 10658 0
11192 10654 0
11191 10651 0
11189 10647 0
11188 10644 0
11187 10640 0
11185 10637 0
11184 10634 0
11181 10630 0
11181 10627 0
11179 10624 0
11177 10621 0
11175 10618 0
11173 10615 0
11169 10612 0
11168 10609 0
11166 10606 0
11164 10604 0
11162 10602 0
11159 10600 0
11156 10598 0
11155 10596 0
11154 10594 0
11152 10593 0
11151 10592 0
11149 10591 0
11148 10590 0
11148 10590 0
11147 10590 0
11148 10591 0
11149 10592 0
11150 10593 0
11151 10595 0
11153 10596 0
11154 10598 0
11155 10599 0
12962 11540 0
12962 11539 0
12963 11538 0
12964 11536 0
12966 11536 0
12968 11535 0
12970 11534 0
12971 11532 0
12975 11531 0
12978 11529 0
12989 11528 0
13000 11526 0
13011 11524 0
13025 11523 0
13037 11521 0
13050 11520 0
13061 11519 0
13073 11519 0
13085 11519 0
13097 11519 0
13109 11519 0
13122 11520 0
13134 11522 0
13146 11523 0
13158 11525 0
13169 11527 0
13184 11529 0
13195 11532 0
13209 11535 0
13222 11538 0
13234 11543 0
13245 11549 0
13259 11556 0
13269 11562 0
13282 11569 0
13292 11574 0
13304 11581 0
13314 11587 0
13325 11593 0
13335 11599 0
13343 11604 0
13352 11609 0
13361 11614 0
13369 11620 0
13377 11625 0
13385 11629 0
13391 11634 0
13400 11638 0
13406 11642 0
13413 11646 0
13419 11650 0
13426 11653 0
13432 11656 0
13437 11660 0
13442 11663 0
13447 11666 0
13453 11669 0
13459 11672 0
13463 11675 0
13467 11678 0
13471 11681 0
13479 11684 0
13486 11690 0
13490 11693 0
13494 11696 0
13498 11699 0
13505 11704 0
13511 11709 0
13517 11714 0
13522 11718 0
13528 11722 0
13532 11725 0
13537 11729 0
13541 11732 0
13544 11735 0
13549 11738 0
13554 11741 0
13558 11743 0
13562 11746 0
13567 11749 0
13570 11751 0
13575 11754 0
13580 11756 0
13585 11759 0
13589 11761 0
13593 11764 0
13597 11765 0
13603 11769 0
13607 11771 0
13612 11774 0
13616 11776 0
13619 11779 0
13623 11781 0
13628 11784 0
13631 11786 0
13635 11789 0
13638 11790 0
13641 11793 0
13644 11795 0
13646 11797 0
13649 11798 0
13651 11800 0
13654 11801 0
13657 11803 0
13658 11803 0
13660 11806 0
13661 11807 0
13662 11808 0
13663 11809 0
13664 11810 0
13665 11811 0
13665 11812 0
13666 11814 0
13666 11815 0
13666 11816 0
13666 11817 0
13666 11818 0
13667 11819 0
13667 11820 0
13667 11821 0
13667 11822 0
13667 11823 0
13667 11824 0
13667 11825 0
13667 11826 0
13667 11827 0
13667 11828 0
13667 11828 0
13667 11830 0
13667 11831 0
13666 11833 0
13666 11834 0
13666 11836 0
13665 11837 0
13664 11839 0
13663 11840 0
13662 11841 0
13660 11843 0
13659 11845 0
13656 11846 0
13654 11848 0
13650 11849 0
13647 11850 0
13644 11852 0
13641 11853 0
13637 11854 0
13633 11856 0
13628 11857 0
13622 11858 0
13620 11859 0
13615 11860 0
13610 11862 0
13604 11863 0
13596 11864 0
13591 11865 0
13584 11866 0
13576 11868 0
13568 11869 0
13561 11870 0
13550 11871 0
13542 11872 0
13532 11873 0
13522 11875 0
13512 11876 0
13499 11877 0
13489 11878 0
13477 11879 0
13465 11879 0
13452 11881 0
13445 11882 0
13438 11882 0
13431 11883 0
13422 11884 0
13414 11884 0
13405 11885 0
13395 11886 0
13386 11886 0
13376 11886 0
13364 11887 0
13353 11887 0
13340 11887 0
13329 11887 0
13315 11887 0
13303 11887 0
13288 11886 0
13275 11886 0
13262 11886 0
13248 11885 0
13235 11885 0
13220 11884 0
13208 11884 0
13193 11883 0
13180 11882 0
13165 11881 0
13152 11881 0
13137 11879 0
13124 11879 0
13110 11879 0
13097 11878 0
13083 11878 0
13070 11877 0
13057 11877 0
13045 11876 0
13033 11876 0
13021 11876 0
13009 11876 0
12996 11875 0
12985 11875 0
12974 11875 0
12963 11875 0
12952 11875 0
12942 11875 0
12931 11875 0
12920 11875 0
12908 11875 0
12898 11875 0
12888 11876 0
12877 11876 0
12867 11876 0
12856 11876 0
12844 11877 0
12835 11877 0
12824 11878 0
12813 11878 0
12802 11878 0
12790 11879 0
12779 11879 0
12767 11879 0
12755 11881 0
12743 11881 0
12733 11882 0
12721 11883 0
12709 11883 0
12697 11884 0
12685 11885 0
12673 11885 0
12661 11886 0
12648 11887 0
12636 11888 0
12623 11889 0
12611 11889 0
12598 11890 0
12586 11891 0
12573 11892 0
12560 11892 0
12547 11894 0
12533 11894 0
12520 11895 0
12506 11896 0
12493 11896 0
12479 11897 0
12464 11897 0
12450 11898 0
12437 11898 0
12423 11898 0
12409 11899 0
12395 11899 0
12381 11899 0
12367 11899 0
12353 11899 0
12339 11899 0
12324 11899 0
12311 11899 0
12297 11900 0
12283 11900 0
12269 11900 0
12255 11900 0
12241 11901 0
12226 11901 0
12212 11901 0
12196 11902 0
12182 11902 0
12168 11902 0
12152 11903 0
12137 11903 0
12121 11904 0
12107 11904 0
12092 11904 0
12076 11904 0
12061 11906 0
12045 11906 0
12031 11907 0
12016 11908 0
12001 11908 0
11987 11909 0
11972 11910 0
11958 11911 0
11943 11912 0
11930 11912 0
11916 11912 0
11903 11913 0
11891 11913 0
11879 11913 0
11866 11913 0
11855 11913 0
11836 11913 0
11817 11913 0
11803 11913 0
11790 11913 0
11781 11913 0
11773 11912 0
11765 11912 0
11758 11912 0
11751 11912 0
11744 11911 0
11738 11911 0
11732 11911 0
11725 11910 0
11719 11909 0
11712 11909 0
11706 11908 0
11700 11906 0
11694 11904 0
11688 11904 0
11682 11903 0
11676 11902 0
11672 11901 0
11668 11900 0
11663 11899 0
11659 11898 0
11655 11897 0
11651 11897 0
11648 11896 0
11645 11896 0
11642 11895 0
11638 11895 0
11635 11894 0
11633 11894 0
11630 11892 0
11626 11892 0
11625 11892 0
11622 11892 0
11620 11891 0
11617 11891 0
11615 11890 0
11612 11889 0
11611 11889 0
11608 11889 0
11606 11888 0
11604 11888 0
11601 11887 0
11599 11887 0
11597 11886 0
11594 11886 0
11592 11886 0
11588 11885 0
11587 11884 0
11584 11884 0
11581 11883 0
11579 11883 0
11575 11882 0
11573 11882 0
11570 11881 0
11567 11879 0
11563 11879 0
11561 11879 0
11558 11878 0
11555 11877 0
11550 11876 0
11548 11875 0
11545 11874 0
11542 11873 0
11539 11872 0
11535 11871 0
11532 11870 0
11529 11869 0
11523 11866 0
11520 11866 0
11517 11865 0
11514 11864 0
11511 11863 0
11508 11862 0
11505 11861 0
11502 11861 0
11498 11860 0
11496 11859 0
11494 11858 0
11491 11857 0
11488 11857 0
11483 11856 0
11480 11855 0
11477 11855 0
11473 11856 0
11473 11856 0
11471 11856 0
11470 11857 0
11469 11857 0
11468 11857 0
11467 11857 0
11466 11857 0
11465 11857 0
11464 11857 0
11463 11857 0
11461 11857 0
11460 11857 0
11460 11857 0
11459 11857 0
11458 11856 0
11457 11856 0
11456 11856 0
11455 11856 0
11454 11855 0
11453 11855 0
11451 11855 0
11450 11855 0
11448 11855 0
11447 11855 0
11447 11854 0
11446 11854 0
11445 11854 0
11444 11854 0
11443 11854 0
11442 11854 0
11441 11854 0
11440 11854 0
11439 11854 0
11438 11854 0
11436 11855 0
11436 11856 0
11436 11857 0
11436 11858 0
11436 11859 0
11436 11861 0
11435 11862 0
11435 11862 0
11434 11862 0
11433 11862 0
11432 11862 0
11430 11862 0
11429 11861 0
11427 11860 0
11426 11860 0
11423 11859 0
11422 11859 0
11421 11858 0
11419 11857 0
11417 11856 0
11414 11855 0
11412 11854 0
11409 11853 0
11407 11852 0
11405 11851 0
11403 11851 0
11401 11850 0
11397 11849 0
11396 11848 0
11394 11848 0
11391 11847 0
11389 11846 0
11387 11846 0
11384 11845 0
11382 11845 0
11380 11844 0
11377 11843 0
11375 11843 0
11372 11843 0
11371 11843 0
11369 11843 0
11367 11843 0
11365 11844 0
11364 11844 0
11361 11844 0
11359 11844 0
11355 11844 0
11352 11843 0
11347 11841 0
11343 11840 0
11339 11838 0
11333 11836 0
11329 11834 0
11323 11831 0
11317 11828 0
11311 11825 0
11304 11821 0
11295 11817 0
11288 11813 0
11279 11808 0
11269 11803 0
11258 11797 0
11248 11790 0
11236 11785 0
11224 11778 0
11212 11770 0
11201 11762 0
11189 11752 0
11178 11742 0
11167 11732 0
11155 11721 0
11145 11709 0
11134 11697 0
11124 11685 0
11113 11672 0
11107 11666 0
11093 11651 0
11087 11644 0
11078 11631 0
11064 11617 0
11051 11604 0
11039 11591 0
11028 11580 0
11020 11570 0
11013 11561 0
11006 11553 0
11001 11545 0
10996 11538 0
10991 11531 0
10990 11524 0
10990 11518 0
10990 11511 0
10993 11504 0
10997 11498 0
11002 11491 0
11011 11485 0
11031 11480 0
11053 11475 0
11078 11470 0
11104 11466 0
11133 11463 0
11165 11457 0
11199 11453 0
11237 11452 0
11278 11453 0
11321 11455 0
11369 11460 0
11420 11468 0
11473 11479 0
11531 11492 0
11591 11526 0
11653 11560 0
11768 11630 0
11800 11651 0
11900 11716 0
12227 11923 0
12236 11927 0
12256 11935 0
12256 11935 0
12311 11960 586
12385 11992 627
12470 12031 670
12534 12065 711
12576 12090 734
12604 12112 754
12623 12128 760
12632 12138 740
12634 12143 706
12628 12144 677
12616 12140 662
12595 12132 684
12560 12118 736
12509 12095 803
12443 12064 878
12362 12023 958
12268 11974 1035
12159 11917 1114
12034 11853 1181
11893 11781 1235
11739 11701 1274
11573 11618 1292
11396 11528 1297
11207 11436 1271
11012 11341 1227
10804 11243 1160
10590 11141 1062
10369 11036 933
10143 10928 766
9914 10820 594
9683 10713 395
9448 10606 217
9211 10496 42
8972 10384 1
8732 10273 1
8493 10162 1
8253 10053 1
8015 9943 1
7782 9832 1
7549 9720 1
7323 9610 1
7101 9502 1
6885 9396 1
6680 9292 53
6485 9190 248
6299 9091 451
6126 8997 678
5968 8911 908
5823 8831 1132
5696 8759 1355
5586 8694 1574
5492 8636 1776
5418 8585 1976
5362 8542 2174
5326 8507 2380
5308 8481 2558
5303 8466 2699
5314 8461 2787
5341 8465 2810
5387 8478 2819
5457 8501 2829
5549 8534 2835
5658 8578 2843
5783 8632 2849
5927 8697 2848
6088 8773 2860
6267 8863 2877
6464 8962 2898
6672 9074 2928
6898 9197 2958
7136 9331 2984
7382 9477 3006
7643 9636 3022
7912 9806 3035
8186 9989 3044
8467 10184 3052
8751 10388 3056
9039 10602 3055
9327 10827 3063
9613 11059 3069
9895 11295 3078
10169 11539 3082
10435 11781 3069
10686 12025 3057
10924 12264 3046
11141 12494 3037
11336 12715 3044
11510 12920 3048
11662 13111 3056
11790 13287 3069
11895 13444 3082
11976 13581 3089
12031 13696 3092
12063 13790 3087
12073 13860 3067
12064 13908 3063
12034 13938 3040
11982 13948 3021
11910 13940 3014
11816 13912 3000
11702 13863 2997
11571 13795 2998
11421 13706 2996
11254 13600 2984
11070 13481 2977
10869 13344 2962
10654 13194 2949
10424 13030 2939
10178 12850 2929
9921 12661 2929
9651 12460 2929
9369 12250 2933
9079 12033 2946
8779 11808 2955
8470 11580 2971
8152 11350 2982
7827 11121 2992
7500 10896 3005
7171 10674 3020
6845 10460 3050
6522 10255 3091
6205 10059 3142
5900 9875 3193
5605 9705 3251
5323 9547 3305
5061 9405 3353
4814 9277 3400
4589 9164 3437
4389 9066 3472
4216 8986 3499
4072 8927 3521
3962 8886 3536
3882 8864 3544
3835 8854 3549
3812 8854 3552
3816 8865 3558
3840 8891 3567
3890 8933 3581
3964 8994 3599
4068 9073 3610
4197 9165 3618
4352 9270 3622
4533 9388 3625
4738 9519 3628
4966 9664 3630
5215 9822 3632
5482 9992 3639
5766 10176 3635
6063 10369 3629
6370 10573 3621
6685 10789 3609
7007 11012 3615
7330 11243 3609
7657 11484 3603
7979 11729 3596
8299 11979 3582
8607 12229 3578
8905 12476 3573
9187 12721 3571
9452 12956 3565
9696 13179 3563
9918 13392 3572
10114 13587 3580
10284 13764 3590
10425 13921 3600
10539 14051 3602
10623 14160 3599
10680 14244 3594
10711 14301 3583
10715 14335 3566
10696 14346 3552
10655 14337 3542
10590 14305 3539
10503 14253 3541
10392 14177 3541
10262 14079 3536
10109 13965 3529
9941 13831 3524
9756 13681 3517
9555 13517 3515
9343 13339 3513
9119 13146 3512
8883 12943 3511
8640 12726 3509
8387 12497 3518
8125 12262 3520
7856 12018 3527
7577 11769 3533
7292 11518 3532
7000 11264 3534
6704 11012 3538
6401 10762 3547
6095 10516 3552
5787 10278 3556
5479 10047 3556
5171 9826 3541
4866 9619 3535
4563 9427 3533
4266 9249 3533
3977 9087 3543
3701 8943 3543
3437 8817 3549
3191 8710 3552
2959 8621 3569
2745 8546 3559
2550 8487 3514
2372 8444 3417
2211 8415 3211
2067 8402 2861
1937 8402 2233
1826 8414 1089
1826 8414 0
1826 8414 0
1729 8436 0
1688 8451 0
1664 8461 0
1607 8490 0
1589 8501 0
1568 8517 0
1557 8527 0
1546 8540 0
1542 8553 0
1537 8565 0
1535 8578 0
1533 8593 0
1532 8607 0
1532 8620 0
1532 8634 0
1533 8645 0
1029 583 0
