eink
1
0,0
4009 6486 0
4008 6486 0
4008 6486 0
4008 6485 0
4008 6484 0
4008 6483 0
4008 6481 0
4008 6479 0
4008 6477 0
4008 6471 0
4007 6465 0
4007 6458 0
4007 6453 0
4007 6447 0
4006 6441 0
4005 6434 0
4004 6428 0
4002 6421 0
4001 6415 0
4001 6408 0
4000 6403 0
3998 6398 0
3996 6394 0
3995 6389 0
3993 6384 0
3990 6379 0
3989 6376 0
3987 6372 0
3985 6368 0
3982 6365 0
3980 6360 0
3977 6356 0
3976 6353 0
3973 6351 0
3970 6347 0
3968 6344 0
3964 6341 0
3962 6338 0
3958 6334 0
3956 6331 0
3952 6327 0
3949 6325 0
3945 6322 0
3942 6319 0
3938 6315 0
3935 6312 0
3929 6307 0
3917 6298 0
3906 6290 0
3901 6286 0
3897 6281 0
3884 6274 0
3874 6268 0
3866 6264 0
3858 6261 0
3843 6255 0
3836 6254 0
3830 6253 0
3823 6253 0
3816 6253 0
3809 6254 0
3791 6245 0
3791 6244 0
3791 6243 0
3791 6243 0
3792 6239 497
3792 6235 543
3793 6230 569
3793 6229 583
3793 6229 605
3795 6230 657
3795 6230 738
3796 6230 834
3796 6230 949
3797 6231 1055
3797 6231 1142
3797 6232 1220
3797 6232 1280
3798 6232 1329
3798 6233 1373
3798 6232 1410
3798 6233 1441
3798 6233 1471
3798 6233 1498
3799 6233 1520
3799 6235 1542
3799 6235 1560
3799 6235 1579
3798 6235 1599
3798 6235 1616
3798 6235 1633
3798 6235 1648
3798 6236 1660
3798 6236 1671
3798 6237 1685
3798 6238 1700
3798 6239 1717
3798 6241 1740
3798 6243 1760
3797 6246 1781
3797 6248 1806
3797 6250 1832
3797 6253 1860
3796 6257 1891
3796 6261 1915
3797 6264 1941
3797 6266 1965
3797 6268 1989
3797 6271 2019
3797 6273 2049
3797 6276 2080
3797 6281 2115
3798 6287 2151
3798 6293 2203
3798 6300 2246
3799 6306 2288
3801 6315 2325
3802 6322 2342
3804 6328 2377
3806 6337 2415
3811 6345 2455
3816 6354 2494
3820 6364 2531
3823 6372 2565
3828 6380 2598
3831 6390 2640
3836 6401 2675
3842 6410 2714
3848 6422 2752
3855 6432 2784
3862 6444 2816
3869 6454 2846
3875 6465 2871
3881 6475 2889
3888 6484 2904
3896 6496 2925
3903 6506 2947
3911 6518 2970
3918 6528 2996
3926 6538 3013
3935 6549 3030
3943 6559 3046
3949 6570 3060
3956 6580 3072
3963 6591 3084
3969 6601 3096
3977 6609 3110
3985 6619 3122
3992 6627 3133
3998 6633 3142
4005 6639 3149
4011 6646 3156
4014 6651 3163
4020 6656 3170
4023 6660 3180
4027 6665 3191
4031 6670 3200
4034 6674 3207
4039 6677 3210
4043 6681 3216
4046 6684 3221
4051 6688 3228
4053 6693 3235
4058 6697 3242
4063 6701 3249
4066 6705 3255
4071 6708 3256
4074 6712 3271
4077 6716 3272
4081 6721 3276
4084 6724 3280
4088 6727 3280
4090 6730 3281
4094 6733 3283
4097 6737 3285
4101 6741 3280
4106 6747 3283
4112 6752 3287
4117 6757 3287
4123 6760 3289
4127 6764 3289
4129 6767 3289
4132 6772 3290
4131 6775 3294
4133 6778 3296
4136 6781 3298
4136 6783 3299
4141 6785 3292
4142 6787 3292
4143 6788 3292
4145 6790 3292
4146 6791 3301
4146 6792 3305
4147 6794 3310
4147 6794 3316
4147 6794 3319
4145 6795 3328
4146 6794 3339
4146 6794 3353
4146 6794 3370
4145 6794 3384
4145 6792 3404
4145 6792 3424
4145 6792 3450
4146 6791 3470
4145 6791 3502
4145 6791 3537
4146 6791 3580
4147 6791 3649
4147 6791 3702
4147 6791 3754
4147 6789 3798
4149 6787 3817
4151 6785 3843
4153 6784 3860
4155 6781 3877
4154 6778 3893
4157 6773 3903
4160 6767 3911
4165 6760 3911
4174 6753 3920
4181 6745 3920
4187 6735 3924
4193 6729 3928
4199 6721 3915
4206 6712 3915
4213 6704 3915
4220 6694 3913
4227 6684 3930
4234 6676 3932
4240 6667 3934
4246 6657 3938
4253 6649 3934
4260 6639 3934
4269 6631 3932
4277 6622 3932
4286 6611 3926
4294 6602 3928
4301 6592 3930
4310 6581 3930
4317 6572 3932
4325 6561 3948
4333 6553 3946
4341 6543 3946
4351 6533 3948
4360 6525 3934
4369 6516 3930
4377 6507 3926
4386 6500 3920
4393 6493 3918
4402 6484 3920
4409 6478 3918
4419 6471 3918
4426 6464 3916
4434 6457 3918
4441 6451 3920
4452 6444 3922
4462 6435 3918
4472 6428 3916
4482 6420 3918
4492 6410 3918
4504 6403 3926
4514 6396 3926
4523 6388 3926
4534 6379 3926
4546 6373 3922
4557 6364 3924
4568 6355 3922
4582 6347 3922
4593 6338 3922
4605 6329 3926
4615 6322 3930
4625 6314 3930
4635 6305 3930
4646 6298 3928
4657 6289 3926
4670 6280 3930
4682 6273 3934
4695 6264 3942
4709 6255 3944
4722 6246 3946
4736 6236 3944
4750 6225 3952
4765 6217 3952
4780 6206 3954
4795 6197 3954
4811 6186 3946
4827 6174 3944
4841 6165 3944
4856 6153 3942
4869 6144 3942
4882 6132 3946
4895 6122 3944
4910 6111 3946
4923 6099 3932
4936 6089 3930
4949 6077 3932
4961 6068 3930
4974 6058 3958
4985 6047 3952
4997 6038 3948
5009 6027 3942
5021 6017 3928
5034 6007 3930
5046 5996 3930
5057 5985 3930
5070 5974 3928
5081 5965 3926
5093 5952 3924
5105 5943 3924
5116 5933 3922
5128 5922 3932
5139 5914 3934
5152 5905 3932
5164 5897 3932
5177 5889 3932
5190 5881 3932
5203 5873 3930
5217 5866 3926
5228 5860 3915
5241 5852 3913
5253 5846 3913
5266 5841 3913
5279 5834 3913
5292 5829 3911
5307 5823 3911
5321 5818 3907
5338 5813 3901
5353 5808 3897
5368 5801 3897
5385 5796 3899
5400 5792 3879
5416 5787 3877
5430 5783 3874
5444 5778 3872
5456 5773 3889
5469 5769 3891
5482 5766 3891
5494 5763 3891
5507 5759 3893
5516 5755 3893
5526 5750 3893
5536 5746 3895
5545 5743 3899
5556 5740 3893
5565 5736 3895
5576 5733 3895
5586 5730 3893
5595 5725 3901
5605 5721 3901
5616 5717 3903
5627 5713 3903
5640 5708 3897
5651 5704 3895
5660 5699 3891
5671 5695 3891
5679 5692 3889
5690 5690 3887
5700 5687 3891
5710 5683 3891
5723 5680 3916
5733 5675 3916
5744 5671 3915
5755 5668 3911
5764 5666 3881
5776 5662 3881
5787 5658 3885
5799 5655 3887
5810 5652 3895
5819 5648 3893
5831 5645 3891
5844 5642 3891
5859 5640 3889
5873 5637 3891
5887 5634 3893
5901 5631 3893
5913 5629 3895
5927 5626 3885
5943 5622 3881
5957 5619 3885
5970 5616 3885
5982 5613 3895
5994 5609 3895
6007 5604 3891
6022 5600 3897
6035 5594 3891
6051 5590 3893
6064 5585 3895
6076 5582 3897
6088 5578 3901
6098 5573 3899
6111 5570 3899
6123 5565 3899
6136 5561 3905
6148 5557 3907
6159 5552 3907
6171 5547 3907
6181 5543 3928
6193 5539 3928
6206 5536 3928
6222 5532 3930
6237 5527 3928
6254 5522 3930
6269 5517 3932
6285 5514 3932
6300 5510 3907
6313 5507 3905
6327 5504 3905
6343 5501 3903
6358 5496 3907
6374 5492 3916
6389 5489 3918
6403 5486 3920
6416 5483 3918
6431 5480 3928
6445 5476 3928
6459 5473 3928
6473 5468 3934
6485 5465 3926
6500 5463 3926
6513 5460 3928
6526 5457 3928
6542 5454 3922
6555 5450 3928
6567 5446 3930
6579 5443 3932
6587 5440 3932
6599 5438 3928
6609 5435 3928
6622 5431 3932
6633 5428 3926
6645 5425 3928
6658 5422 3932
6671 5418 3932
6685 5414 3938
6700 5411 3940
6713 5407 3938
6724 5403 3936
6738 5399 3938
6749 5394 3946
6761 5391 3946
6773 5387 3948
6784 5385 3950
6796 5382 3936
6808 5379 3934
6819 5375 3932
6831 5372 3930
6843 5368 3936
6854 5365 3936
6866 5363 3936
6876 5361 3938
6887 5359 3944
6898 5357 3942
6910 5355 3948
6921 5352 3946
6931 5350 3944
6942 5348 3952
6952 5346 3948
6963 5344 3950
6975 5343 3932
6986 5341 3924
6996 5340 3926
7007 5338 3924
7019 5336 3942
7031 5336 3944
7044 5335 3944
7056 5334 3944
7065 5335 3950
7077 5334 3948
7088 5334 3946
7101 5333 3946
7114 5333 3938
7125 5333 3940
7137 5333 3938
7149 5333 3936
7162 5333 3936
7175 5334 3934
7186 5334 3934
7198 5334 3932
7209 5335 3936
7218 5335 3932
7228 5336 3932
7238 5336 3936
7247 5337 3932
7255 5339 3934
7266 5340 3932
7277 5341 3934
7289 5342 3930
7304 5343 3930
7317 5346 3928
7330 5347 3930
7343 5349 3932
7353 5350 3942
7364 5352 3942
7374 5354 3938
7384 5355 3942
7395 5356 3938
7406 5357 3942
7415 5358 3944
7424 5359 3942
7434 5360 3938
7444 5361 3930
7456 5362 3932
7466 5362 3930
7475 5363 3934
7483 5364 3940
7492 5365 3938
7501 5366 3936
7508 5367 3940
7518 5368 3946
7524 5369 3938
7533 5370 3940
7543 5372 3934
7549 5374 3930
7558 5375 3932
7566 5376 3934
7571 5377 3934
7579 5378 3932
7585 5379 3932
7593 5379 3930
7599 5380 3930
7606 5381 3928
7611 5381 3928
7619 5383 3926
7623 5384 3926
7632 5385 3916
7636 5386 3916
7641 5387 3916
7646 5387 3916
7647 5388 3932
7651 5388 3932
7656 5389 3932
7660 5390 3930
7666 5391 3926
7669 5392 3926
7672 5392 3924
7673 5393 3924
7674 5394 3922
7678 5394 3918
7680 5395 3918
7682 5397 3918
7684 5398 3918
7685 5398 3924
7686 5399 3924
7688 5399 3924
7691 5400 3922
7692 5400 3905
7693 5401 3905
7695 5402 3903
7697 5402 3905
7698 5403 3928
7700 5404 3926
7702 5405 3928
7705 5406 3928
7706 5406 3922
7708 5407 3922
7711 5408 3922
7712 5408 3920
7717 5409 3920
7721 5410 3920
7724 5412 3920
7730 5412 3920
7735 5414 3915
7742 5417 3915
7748 5419 3913
7752 5423 3915
7761 5426 3911
7765 5428 3909
7771 5430 3907
7775 5433 3905
7780 5435 3920
7786 5438 3924
7790 5439 3924
7797 5441 3924
7800 5444 3913
7806 5445 3909
7811 5449 3909
7816 5452 3909
7824 5455 3907
7831 5458 3913
7837 5461 3916
7843 5463 3913
7847 5466 3913
7851 5469 3899
7857 5473 3895
7863 5477 3897
7869 5480 3897
7876 5483 3918
7883 5486 3920
7889 5489 3920
7897 5492 3916
7904 5495 3909
7914 5500 3907
7922 5504 3909
7930 5507 3911
7939 5511 3909
7948 5514 3909
7958 5517 3909
7965 5520 3911
7974 5524 3907
7980 5526 3907
7986 5528 3907
7992 5530 3905
7998 5532 3916
8004 5534 3922
8012 5536 3920
8018 5539 3922
8026 5540 3920
8032 5542 3918
8039 5544 3922
8044 5546 3924
8052 5549 3920
8056 5551 3920
8061 5553 3918
8066 5555 3920
8069 5557 3920
8073 5558 3913
8077 5559 3915
8079 5560 3915
8083 5560 3916
8088 5561 3934
8091 5562 3930
8093 5563 3930
8095 5564 3926
8098 5565 3915
8099 5565 3915
8101 5565 3916
8102 5565 3918
8102 5565 3920
8103 5565 3924
8104 5565 3926
8104 5565 3928
8105 5565 3934
8105 5565 3932
8105 5565 3934
8105 5565 3932
8104 5565 3936
8105 5565 3936
8104 5565 3934
8104 5565 3932
8104 5565 3930
8104 5565 3928
8104 5565 3915
8104 5565 3916
8104 5565 3920
8104 5565 3926
8104 5564 3926
8103 5563 3928
8102 5563 3926
8101 5563 3928
8101 5563 3926
8101 5562 3926
8101 5561 3926
8102 5561 3926
8101 5561 3926
8101 5560 3924
8102 5560 3922
8101 5560 3920
8101 5559 3920
8100 5559 3915
8100 5559 3913
8099 5558 3909
8099 5558 3907
8099 5557 3907
8097 5557 3909
8098 5557 3911
8098 5557 3909
8095 5556 3909
8094 5556 3924
8093 5556 3918
8093 5555 3915
8093 5554 3915
8091 5554 3883
8091 5553 3879
8090 5552 3874
8090 5551 3868
8091 5550 3868
8090 5550 3868
8089 5549 3866
8089 5547 3860
8088 5546 3858
8087 5545 3850
8086 5544 3844
8086 5544 3843
8085 5543 3844
8085 5542 3856
8083 5541 3854
8082 5540 3852
8080 5539 3848
8080 5539 3833
8080 5538 3835
8079 5536 3837
8079 5535 3839
8079 5534 3844
8077 5533 3843
8077 5531 3844
8076 5530 3848
8073 5528 3850
8073 5527 3854
8072 5525 3852
8072 5524 3852
8072 5521 3848
8070 5520 3850
8070 5518 3856
8072 5517 3856
8073 5515 3844
8073 5514 3843
8073 5512 3839
8072 5510 3839
8070 5507 3852
8069 5505 3854
8069 5503 3854
8068 5501 3848
8068 5499 3844
8069 5495 3837
8068 5493 3825
8067 5491 3821
8066 5489 3810
8066 5489 3810
8066 5487 3806
8066 5486 3800
8065 5485 3798
8064 5484 3808
8063 5483 3798
8062 5482 3787
8062 5481 3779
8062 5480 3741
8062 5480 3735
8062 5480 3727
8061 5479 3721
8061 5479 3727
8060 5479 3723
8059 5478 3723
8059 5478 3725
8060 5478 3721
8059 5478 3721
8059 5478 3723
8056 5479 3725
8057 5479 3729
8057 5479 3731
8057 5479 3735
8059 5479 3735
8057 5480 3737
8057 5480 3739
8056 5480 3739
8056 5480 3735
8056 5480 3735
8056 5481 3733
8056 5481 3735
8056 5482 3742
8056 5482 3744
8057 5482 3746
8057 5483 3746
8056 5483 3748
8055 5483 3741
8054 5483 3741
8054 5483 3739
8055 5483 3760
8056 5484 3760
8055 5484 3758
8053 5484 3741
8053 5485 3739
8053 5485 3737
8053 5485 3741
8052 5485 3746
8052 5485 3748
8051 5485 3746
8050 5486 3746
8051 5486 3750
8051 5486 3752
8051 5485 3754
8052 5485 3754
8052 5485 3756
8051 5485 3756
8051 5485 3773
8049 5484 3771
8049 5484 3769
8049 5484 3771
8047 5484 3756
8047 5485 3756
8047 5486 3754
8048 5486 3750
8048 5486 3748
8048 5485 3750
8047 5486 3746
8047 5486 3750
8047 5487 3744
8047 5487 3742
8047 5488 3742
8046 5489 3742
8046 5489 3748
8046 5489 3748
8046 5490 3748
8046 5490 3746
8047 5491 3735
8047 5492 3733
8047 5494 3733
8047 5495 3733
8046 5496 3742
8046 5497 3741
8044 5499 3737
8044 5500 3735
8043 5500 3731
8043 5501 3733
8043 5502 3731
8044 5503 3729
8044 5504 3733
8046 5506 3731
8044 5507 3731
8046 5508 3733
8046 5509 3746
8047 5510 3746
8047 5512 3746
8048 5514 3750
8049 5514 3744
8049 5515 3746
8050 5517 3746
8051 5518 3746
8053 5520 3739
8054 5521 3742
8056 5525 3742
8059 5527 3744
8060 5531 3744
8063 5534 3746
8065 5537 3746
8067 5539 3748
8070 5542 3748
8072 5545 3731
8074 5549 3731
8076 5552 3731
8078 5555 3735
8080 5558 3748
8083 5561 3746
8087 5564 3746
8091 5567 3746
8092 5571 3746
8095 5575 3748
8099 5579 3746
8102 5582 3742
8107 5586 3742
8112 5590 3741
8116 5593 3741
8119 5597 3741
8121 5601 3760
8125 5604 3760
8128 5607 3758
8129 5610 3758
8132 5614 3744
8138 5618 3742
8142 5622 3746
8145 5627 3748
8150 5631 3746
8154 5635 3748
8157 5640 3744
8162 5643 3746
8164 5648 3741
8166 5654 3735
8168 5660 3731
8173 5666 3729
8179 5672 3731
8183 5681 3742
8190 5689 3742
8195 5696 3742
8200 5705 3741
8205 5712 3742
8209 5717 3748
8212 5722 3754
8214 5728 3758
8218 5734 3754
8220 5740 3752
8222 5746 3748
8226 5753 3748
8227 5759 3752
8229 5764 3750
8232 5769 3752
8237 5776 3752
8241 5784 3773
8245 5792 3777
8248 5797 3777
8250 5805 3775
8253 5811 3754
8255 5818 3746
8258 5823 3746
8260 5829 3746
8262 5834 3733
8264 5840 3731
8265 5845 3731
8268 5851 3727
8270 5858 3733
8273 5862 3731
8273 5868 3731
8276 5873 3731
8278 5880 3729
8279 5886 3735
8281 5892 3733
8283 5898 3731
8284 5906 3735
8285 5914 3727
8286 5921 3731
8289 5929 3729
8292 5940 3729
8293 5947 3731
8295 5956 3727
8297 5963 3729
8298 5970 3725
8301 5977 3723
8303 5986 3720
8304 5994 3718
8305 6001 3718
8305 6009 3706
8306 6017 3708
8308 6025 3708
8309 6034 3706
8310 6043 3699
8311 6051 3697
8311 6060 3691
8313 6068 3691
8314 6075 3699
8315 6084 3697
8316 6092 3695
8316 6098 3693
8316 6106 3691
8317 6116 3689
8317 6125 3689
8317 6135 3687
8318 6144 3695
8318 6153 3697
8319 6167 3693
8320 6180 3691
8322 6196 3687
8323 6210 3700
8324 6223 3700
8324 6235 3699
8326 6247 3693
8327 6258 3680
8327 6270 3680
8327 6280 3678
8326 6291 3681
8324 6301 3678
8324 6314 3676
8324 6327 3678
8323 6339 3676
8324 6351 3670
8324 6363 3672
8324 6374 3672
8324 6385 3674
8324 6399 3670
8324 6410 3664
8323 6423 3661
8321 6434 3661
8320 6446 3661
8319 6457 3663
8318 6470 3659
8318 6481 3653
8317 6494 3661
8317 6505 3663
8316 6518 3663
8315 6530 3666
8315 6544 3664
8313 6557 3664
8311 6572 3666
8311 6585 3666
8309 6601 3663
8308 6614 3664
8308 6629 3663
8307 6640 3663
8306 6654 3666
8306 6667 3663
8304 6680 3666
8303 6693 3666
8301 6706 3663
8300 6719 3659
8298 6731 3659
8296 6744 3657
8294 6757 3655
8293 6769 3655
8291 6781 3655
8290 6791 3655
8288 6803 3653
8284 6814 3659
8282 6828 3655
8281 6839 3655
8280 6854 3655
8281 6868 3661
8280 6884 3663
8279 6898 3666
8278 6911 3670
8277 6922 3661
8275 6935 3664
8273 6947 3666
8272 6960 3670
8269 6973 3664
8266 6985 3664
8265 6998 3659
8263 7010 3655
8260 7023 3663
8259 7036 3661
8257 7049 3663
8254 7062 3661
8251 7074 3659
8248 7087 3668
8244 7099 3672
8241 7111 3670
8238 7124 3674
8234 7137 3676
8231 7150 3670
8228 7162 3670
8225 7173 3663
8221 7186 3642
8218 7197 3634
8215 7211 3627
8210 7223 3619
8208 7236 3638
8204 7249 3640
8200 7263 3638
8196 7274 3638
8190 7288 3617
8186 7300 3615
8181 7314 3615
8178 7326 3615
8176 7338 3617
8173 7350 3617
8169 7362 3617
8166 7375 3614
8161 7388 3610
8156 7400 3606
8154 7412 3604
8151 7423 3606
8146 7433 3614
8143 7445 3615
8140 7457 3617
8137 7469 3615
8133 7481 3617
8129 7492 3615
8126 7502 3614
8119 7514 3614
8117 7524 3610
8112 7533 3619
8107 7543 3627
8104 7550 3634
8100 7556 3636
8095 7563 3629
8091 7569 3629
8088 7577 3629
8085 7584 3630
8081 7590 3632
8079 7596 3629
8077 7602 3627
8074 7607 3625
8070 7610 3623
8067 7616 3619
8065 7620 3617
8062 7623 3617
8060 7628 3627
8056 7633 3629
8054 7636 3629
8052 7642 3629
8051 7646 3625
8049 7649 3629
8046 7655 3630
8043 7660 3629
8040 7665 3630
8038 7670 3630
8037 7674 3629
8034 7679 3632
8031 7684 3629
8029 7688 3627
8026 7694 3630
8024 7698 3629
8021 7704 3638
8017 7708 3636
8016 7712 3634
8015 7718 3634
8015 7722 3630
8015 7725 3632
8013 7731 3630
8011 7735 3632
8008 7740 3627
8004 7745 3630
8003 7749 3632
8002 7755 3634
8000 7760 3632
8000 7766 3636
7998 7772 3636
7996 7776 3636
7996 7783 3640
7993 7788 3632
7992 7795 3634
7990 7802 3632
7988 7811 3632
7985 7819 3629
7983 7825 3625
7980 7834 3625
7979 7840 3625
7979 7849 3636
7977 7859 3638
7975 7868 3636
7973 7876 3634
7968 7884 3630
7967 7890 3629
7964 7899 3627
7962 7907 3629
7960 7914 3629
7956 7922 3627
7953 7928 3627
7951 7936 3625
7947 7944 3636
7942 7951 3640
7940 7959 3640
7939 7965 3640
7938 7972 3629
7936 7977 3627
7934 7983 3627
7932 7989 3627
7929 7996 3627
7927 8002 3625
7926 8009 3625
7925 8015 3627
7922 8021 3629
7921 8028 3623
7920 8035 3625
7919 8041 3623
7917 8049 3621
7915 8055 3627
7914 8063 3627
7912 8069 3627
7911 8078 3629
7909 8087 3629
7907 8096 3627
7904 8106 3629
7903 8117 3630
7903 8128 3640
7901 8139 3642
7901 8149 3640
7900 8158 3638
7899 8168 3636
7897 8179 3642
7895 8189 3649
7894 8199 3653
7889 8210 3663
7889 8222 3663
7889 8233 3661
7888 8243 3663
7886 8253 3659
7885 8263 3661
7882 8273 3661
7881 8282 3664
7881 8290 3661
7881 8299 3661
7879 8309 3661
7878 8320 3661
7877 8331 3661
7875 8343 3664
7874 8355 3666
7873 8367 3666
7872 8379 3668
7872 8392 3683
7872 8405 3685
7872 8418 3685
7871 8432 3687
7871 8445 3661
7871 8459 3661
7871 8472 3663
7871 8484 3661
7870 8497 3664
7869 8511 3666
7869 8526 3668
7867 8542 3670
7866 8556 3699
7866 8570 3699
7865 8583 3695
7865 8596 3693
7864 8610 3676
7863 8622 3676
7863 8636 3676
7862 8650 3676
7862 8664 3697
7861 8679 3695
7861 8693 3697
7861 8708 3697
7860 8723 3672
7860 8738 3676
7859 8753 3676
7858 8769 3676
7856 8785 3674
7853 8802 3672
7852 8817 3668
7852 8833 3664
7852 8846 3663
7851 8860 3655
7850 8873 3655
7849 8887 3655
7848 8901 3657
7847 8914 3657
7846 8927 3657
7846 8941 3657
7844 8954 3659
7843 8967 3678
7840 8980 3681
7838 8992 3681
7837 9004 3681
7834 9016 3666
7832 9028 3663
7831 9038 3663
7828 9048 3663
7826 9059 3657
7825 9069 3655
7823 9080 3651
7820 9090 3649
7819 9100 3657
7816 9110 3659
7815 9120 3661
7813 9131 3663
7812 9141 3655
7810 9150 3653
7808 9158 3651
7805 9165 3649
7802 9172 3661
7801 9179 3661
7800 9187 3663
7799 9194 3664
7797 9201 3659
7796 9208 3657
7794 9216 3659
7793 9224 3659
7792 9232 3661
7789 9239 3664
7788 9247 3663
7787 9253 3663
7786 9260 3663
7787 9266 3657
7784 9273 3657
7783 9279 3657
7782 9285 3657
7782 9291 3672
7781 9296 3670
7778 9301 3670
7777 9306 3670
7777 9311 3661
7777 9315 3661
7776 9318 3659
7775 9321 3655
7772 9323 3661
7770 9326 3659
7769 9329 3657
7768 9331 3655
7769 9333 3636
7768 9334 3630
7767 9335 3630
7764 9336 3625
7762 9336 3634
7762 9337 3632
7762 9337 3629
7762 9337 3625
7762 9337 3621
7762 9337 3617
7761 9337 3614
7761 9337 3612
7762 9337 3608
7762 9336 3604
7762 9336 3600
7761 9336 3599
7761 9336 3593
7760 9337 3591
7759 9337 3587
7758 9337 3584
7757 9337 3574
7756 9337 3574
7754 9338 3574
7754 9338 3570
7751 9339 3578
7749 9339 3576
7747 9340 3578
7743 9341 3578
7739 9342 3576
7736 9343 3574
7734 9344 3570
7729 9346 3574
7723 9348 3567
7718 9351 3569
7712 9353 3569
7708 9355 3567
7702 9357 3580
7698 9358 3580
7692 9361 3580
7685 9363 3582
7680 9366 3570
7672 9369 3570
7665 9372 3570
7658 9375 3570
7648 9379 3578
7641 9383 3576
7634 9387 3578
7629 9391 3580
7621 9394 3576
7612 9398 3576
7605 9402 3576
7596 9406 3574
7590 9410 3574
7583 9414 3578
7574 9419 3576
7567 9423 3576
7558 9427 3574
7548 9431 3570
7541 9435 3576
7532 9440 3574
7523 9444 3572
7516 9448 3587
7507 9452 3584
7498 9456 3584
7490 9460 3585
7479 9463 3569
7469 9466 3567
7462 9469 3559
7453 9470 3556
7444 9473 3569
7435 9475 3565
7427 9478 3567
7418 9481 3565
7413 9483 3552
7404 9486 3556
7395 9489 3552
7387 9491 3552
7378 9494 3569
7369 9497 3569
7362 9499 3569
7353 9502 3570
7343 9504 3546
7335 9507 3544
7327 9510 3548
7317 9512 3546
7311 9515 3556
7304 9517 3559
7295 9520 3556
7288 9522 3556
7278 9524 3557
7269 9527 3557
7262 9530 3557
7253 9533 3559
7248 9536 3557
7240 9539 3557
7232 9542 3557
7226 9544 3556
7219 9547 3554
7213 9549 3574
7205 9552 3576
7199 9555 3574
7190 9558 3580
7183 9561 3565
7176 9563 3563
7167 9566 3565
7162 9568 3559
7155 9571 3554
7148 9573 3556
7140 9576 3554
7134 9578 3554
7126 9580 3554
7120 9582 3550
7112 9584 3552
7104 9585 3554
7097 9587 3548
7089 9589 3552
7083 9592 3556
7076 9594 3554
7070 9596 3554
7063 9597 3552
7058 9599 3548
7051 9601 3550
7045 9603 3548
7038 9605 3544
7033 9607 3544
7026 9609 3542
7021 9612 3546
7015 9613 3546
7011 9615 3546
7006 9617 3548
7002 9618 3548
6999 9620 3561
6994 9623 3563
6989 9626 3567
6985 9628 3565
6980 9631 3544
6974 9633 3544
6971 9636 3544
6965 9638 3552
6962 9642 3567
6958 9645 3570
6952 9648 3574
6949 9651 3572
6944 9654 3584
6939 9657 3587
6936 9660 3585
6932 9662 3584
6924 9665 3567
6921 9668 3565
6917 9671 3565
6911 9674 3574
6910 9677 3578
6907 9680 3572
6903 9684 3570
6898 9687 3565
6895 9690 3556
6892 9693 3557
6888 9697 3563
6885 9699 3567
6883 9702 3572
6880 9706 3574
6875 9709 3572
6873 9714 3572
6869 9717 3576
6865 9721 3574
6861 9724 3574
6858 9728 3574
6854 9732 3578
6849 9737 3585
6846 9741 3589
6843 9746 3587
6841 9750 3591
6836 9755 3591
6833 9760 3593
6830 9766 3597
6825 9773 3600
6822 9781 3608
6819 9788 3606
6815 9795 3606
6811 9802 3604
6809 9809 3608
6805 9815 3612
6802 9820 3612
6798 9826 3612
6794 9832 3591
6791 9838 3589
6786 9845 3591
6784 9851 3587
6780 9857 3595
6776 9863 3599
6772 9869 3599
6769 9875 3602
6765 9881 3619
6760 9886 3617
6758 9892 3615
6754 9896 3614
6752 9900 3597
6748 9904 3591
6745 9907 3595
6742 9911 3595
6739 9914 3610
6735 9917 3612
6733 9921 3608
6730 9925 3608
6724 9928 3589
6720 9932 3591
6717 9936 3595
6711 9940 3595
6708 9944 3600
6706 9948 3600
6702 9952 3597
6697 9956 3597
6694 9959 3593
6690 9962 3595
6685 9965 3593
6682 9968 3597
6677 9971 3593
6670 9974 3599
6667 9977 3600
6663 9980 3600
6657 9982 3599
6655 9984 3589
6652 9987 3584
6647 9989 3576
6644 9991 3576
6641 9993 3569
6637 9994 3567
6632 9995 3572
6630 9997 3570
6628 9998 3570
6625 9999 3565
6620 10000 3556
6618 10000 3554
6614 10001 3557
6609 10002 3557
6606 10002 3561
6602 10002 3559
6599 10002 3559
6595 10002 3557
6593 10002 3552
6590 10002 3550
6584 10002 3542
6581 10002 3542
6580 10001 3541
6577 10001 3541
6575 10000 3541
6570 10000 3542
6568 9999 3544
6564 9998 3544
6560 9997 3544
6556 9997 3550
6554 9996 3548
6550 9995 3548
6546 9995 3548
6542 9994 3541
6537 9993 3541
6531 9992 3539
6527 9991 3541
6522 9989 3541
6517 9987 3539
6511 9985 3537
6505 9983 3535
6498 9982 3533
6492 9980 3537
6488 9979 3535
6483 9978 3537
6478 9976 3539
6473 9975 3541
6468 9973 3537
6463 9972 3539
6456 9970 3550
6451 9968 3544
6445 9966 3552
6440 9964 3546
6435 9962 3531
6431 9960 3529
6426 9958 3526
6420 9956 3528
6414 9953 3529
6406 9950 3533
6399 9947 3533
6392 9944 3537
6384 9940 3539
6377 9936 3539
6370 9934 3537
6363 9931 3533
6357 9929 3528
6350 9928 3509
6344 9926 3511
6338 9923 3511
6331 9921 3515
6324 9918 3529
6317 9916 3528
6308 9914 3531
6301 9911 3529
6295 9909 3526
6288 9907 3524
6282 9904 3518
6275 9902 3516
6267 9900 3520
6260 9898 3518
6253 9896 3520
6244 9893 3520
6238 9890 3520
6231 9887 3522
6224 9884 3522
6217 9881 3522
6210 9878 3533
6204 9876 3535
6197 9874 3535
6191 9871 3533
6185 9869 3531
6179 9866 3531
6173 9864 3531
6167 9861 3529
6160 9858 3518
6155 9856 3518
6149 9853 3516
6144 9850 3518
6139 9848 3522
6134 9846 3526
6129 9844 3524
6122 9842 3524
6116 9839 3522
6109 9837 3511
6103 9836 3511
6098 9834 3513
6092 9831 3513
6085 9829 3531
6079 9826 3529
6072 9824 3529
6065 9821 3531
6057 9818 3516
6050 9815 3518
6043 9812 3516
6035 9809 3513
6028 9807 3516
6021 9805 3513
6014 9802 3515
6008 9800 3513
6003 9797 3515
5995 9794 3516
5988 9791 3516
5981 9787 3520
5974 9784 3504
5967 9780 3504
5960 9776 3504
5952 9773 3502
5946 9770 3516
5939 9766 3516
5931 9763 3513
5925 9760 3513
5919 9757 3509
5913 9755 3513
5907 9752 3515
5900 9749 3516
5892 9746 3516
5886 9743 3513
5881 9740 3511
5876 9738 3509
5871 9736 3511
5863 9734 3515
5857 9732 3516
5850 9729 3520
5843 9727 3520
5838 9724 3528
5831 9722 3526
5825 9720 3526
5819 9718 3526
5812 9715 3524
5806 9713 3524
5800 9711 3520
5795 9708 3520
5786 9706 3515
5779 9704 3516
5772 9702 3520
5765 9700 3520
5762 9697 3526
5755 9695 3524
5749 9693 3522
5744 9692 3522
5736 9690 3541
5730 9689 3542
5725 9687 3542
5719 9685 3541
5713 9683 3518
5708 9681 3516
5702 9679 3516
5697 9678 3516
5691 9676 3515
5685 9675 3516
5679 9673 3516
5673 9671 3513
5666 9669 3498
5659 9667 3491
5652 9665 3487
5644 9662 3483
5638 9660 3492
5632 9658 3494
5625 9656 3494
5620 9654 3494
5613 9652 3494
5607 9651 3496
5602 9649 3496
5596 9648 3496
5593 9647 3494
5588 9645 3500
5583 9644 3502
5577 9642 3502
5571 9640 3500
5564 9638 3500
5558 9636 3500
5554 9635 3496
5549 9633 3496
5546 9631 3485
5542 9629 3483
5537 9626 3481
5532 9624 3480
5527 9621 3480
5523 9619 3481
5519 9617 3481
5514 9614 3481
5513 9612 3487
5509 9610 3485
5506 9607 3487
5501 9605 3487
5495 9602 3494
5492 9600 3494
5487 9597 3492
5482 9594 3491
5478 9591 3487
5473 9588 3489
5469 9586 3489
5465 9584 3487
5461 9581 3480
5456 9579 3483
5452 9576 3481
5449 9573 3481
5444 9571 3480
5441 9569 3474
5437 9567 3474
5434 9565 3474
5430 9563 3472
5425 9561 3483
5423 9558 3483
5418 9554 3485
5412 9550 3485
5408 9545 3481
5403 9540 3481
5398 9536 3481
5393 9533 3480
5387 9529 3470
5383 9526 3470
5380 9523 3470
5377 9520 3472
5373 9518 3474
5371 9517 3472
5368 9515 3474
5366 9513 3474
5364 9511 3485
5363 9508 3487
5361 9506 3489
5361 9505 3491
5359 9503 3481
5358 9503 3485
5358 9502 3487
5357 9500 3491
5355 9499 3492
5355 9498 3498
5355 9497 3500
5355 9496 3505
5354 9496 3513
5354 9495 3520
5354 9494 3529
5353 9492 3535
5354 9491 3537
5354 9490 3537
5354 9488 3541
5354 9487 3544
5354 9486 3548
5353 9485 3550
5353 9483 3552
5353 9482 3556
5352 9480 3557
5349 9478 3565
5349 9476 3567
5349 9474 3565
5348 9472 3563
5349 9469 3559
5348 9467 3559
5347 9465 3559
5345 9462 3559
5345 9460 3559
5344 9458 3561
5343 9456 3561
5343 9453 3561
5340 9451 3569
5339 9449 3567
5339 9448 3570
5339 9446 3574
5336 9444 3572
5336 9442 3572
5336 9440 3574
5336 9439 3574
5336 9438 3569
5336 9437 3570
5336 9437 3574
5336 9437 3580
5338 9436 3589
5336 9436 3599
5336 9435 3604
5336 9435 3610
5336 9434 3614
5338 9434 3617
5339 9433 3623
5339 9432 3627
5339 9431 3630
5339 9430 3623
5339 9428 3627
5340 9426 3630
5341 9424 3632
5343 9421 3646
5344 9418 3647
5344 9414 3649
5345 9411 3651
5346 9406 3655
5348 9401 3655
5349 9397 3657
5349 9391 3659
5351 9387 3659
5352 9383 3664
5354 9379 3670
5355 9375 3676
5357 9370 3685
5359 9364 3687
5362 9358 3689
5364 9353 3691
5367 9347 3681
5368 9342 3681
5372 9337 3683
5374 9331 3685
5377 9326 3699
5380 9320 3704
5384 9314 3710
5387 9307 3712
5392 9299 3712
5396 9291 3712
5400 9283 3712
5404 9276 3714
5408 9270 3714
5412 9264 3721
5415 9259 3720
5418 9253 3720
5421 9247 3721
5425 9241 3706
5429 9234 3704
5433 9227 3704
5436 9220 3704
5437 9214 3718
5438 9208 3718
5442 9202 3720
5444 9197 3720
5448 9192 3723
5450 9186 3725
5453 9180 3725
5456 9173 3725
5462 9166 3723
5466 9159 3723
5470 9150 3723
5475 9142 3723
5478 9135 3758
5481 9128 3760
5485 9122 3763
5488 9116 3765
5493 9110 3737
5497 9104 3741
5501 9097 3741
5505 9091 3742
5508 9086 3737
5511 9079 3737
5514 9074 3739
5519 9068 3739
5523 9061 3741
5527 9056 3746
5533 9050 3748
5537 9045 3750
5541 9039 3746
5545 9033 3746
5550 9027 3746
5555 9021 3748
5560 9016 3750
5565 9010 3762
5570 9004 3760
5574 8999 3758
5577 8992 3760
5582 8985 3754
5587 8978 3756
5590 8972 3758
5596 8966 3758
5601 8960 3754
5605 8955 3754
5609 8949 3754
5615 8942 3756
5619 8936 3750
5624 8930 3750
5630 8923 3748
5636 8917 3748
5641 8912 3765
5647 8906 3765
5652 8901 3773
5657 8896 3781
5664 8891 3771
5669 8886 3773
5676 8881 3771
5682 8877 3771
5687 8872 3775
5692 8868 3777
5698 8863 3781
5704 8858 3783
5711 8852 3779
5716 8846 3775
5723 8841 3773
5729 8835 3771
5736 8831 3771
5742 8828 3777
5749 8823 3773
5755 8820 3773
5761 8816 3773
5767 8812 3773
5773 8808 3777
5779 8803 3773
5786 8798 3771
5792 8794 3767
5798 8790 3763
5804 8786 3765
5809 8782 3769
5812 8778 3788
5818 8774 3790
5824 8770 3790
5829 8766 3788
5835 8763 3773
5841 8758 3773
5844 8754 3771
5849 8750 3767
5853 8747 3763
5857 8744 3762
5861 8741 3763
5865 8738 3765
5869 8735 3765
5872 8732 3765
5876 8729 3767
5879 8726 3767
5882 8724 3771
5887 8722 3765
5891 8720 3767
5894 8718 3769
5895 8717 3767
5899 8715 3785
5901 8713 3781
5905 8711 3781
5908 8709 3781
5911 8707 3777
5913 8705 3781
5916 8704 3781
5918 8702 3781
5920 8700 3775
5924 8698 3771
5927 8695 3771
5931 8693 3773
5933 8691 3773
5937 8689 3777
5941 8687 3775
5944 8685 3775
5949 8683 3787
5952 8681 3785
5957 8679 3785
5961 8676 3785
5965 8673 3765
5969 8670 3765
5974 8667 3769
5979 8664 3769
5983 8661 3777
5987 8659 3775
5990 8656 3771
5995 8654 3769
5999 8651 3769
6002 8649 3777
6006 8647 3777
6009 8644 3779
6014 8642 3781
6020 8639 3765
6025 8637 3765
6031 8633 3765
6037 8630 3763
6043 8627 3763
6047 8624 3765
6052 8621 3765
6057 8618 3763
6060 8615 3771
6066 8613 3771
6070 8611 3769
6075 8607 3769
6082 8604 3771
6087 8600 3769
6091 8596 3769
6095 8593 3769
6097 8590 3762
6101 8586 3762
6106 8583 3760
6111 8579 3758
6115 8575 3773
6120 8571 3773
6123 8567 3773
6128 8564 3777
6130 8560 3765
6135 8556 3765
6138 8552 3765
6142 8549 3765
6147 8545 3771
6151 8542 3771
6154 8538 3771
6157 8535 3767
6160 8532 3760
6162 8528 3765
6166 8525 3767
6168 8523 3771
6168 8521 3775
6170 8518 3754
6171 8516 3748
6173 8514 3746
6174 8512 3742
6174 8510 3754
6174 8508 3754
6174 8506 3750
6176 8504 3746
6174 8502 3742
6174 8501 3733
6174 8500 3725
6176 8499 3720
6178 8498 3714
6179 8497 3708
6178 8496 3700
6178 8495 3693
6177 8495 3676
6176 8494 3668
6174 8493 3666
6174 8492 3661
6174 8491 3668
6174 8490 3664
6174 8489 3655
6174 8488 3649
6170 8488 3636
6168 8487 3629
6168 8486 3623
6166 8485 3615
6165 8483 3614
6162 8482 3606
6161 8480 3604
6158 8479 3600
6155 8477 3597
6152 8476 3587
6148 8474 3584
6142 8472 3584
6139 8470 3582
6134 8468 3602
6128 8466 3599
6123 8463 3593
6116 8461 3587
6109 8459 3567
6101 8456 3565
6092 8453 3565
6083 8450 3565
6071 8447 3572
6060 8443 3570
6049 8440 3569
6038 8435 3569
6028 8431 3570
6018 8427 3572
6007 8422 3572
5998 8418 3572
5987 8414 3570
5977 8409 3569
5967 8405 3570
5957 8400 3569
5948 8395 3580
5939 8391 3580
5929 8386 3578
5918 8381 3578
5905 8376 3572
5895 8370 3576
5884 8365 3576
5874 8359 3576
5867 8354 3569
5857 8349 3569
5846 8344 3569
5835 8338 3569
5822 8331 3570
5812 8325 3563
5802 8319 3557
5792 8313 3559
5784 8307 3556
5774 8301 3570
5764 8296 3570
5754 8291 3570
5744 8286 3565
5733 8281 3550
5723 8275 3552
5714 8269 3552
5704 8264 3556
5698 8259 3559
5692 8254 3557
5684 8250 3559
5677 8247 3559
5668 8244 3559
5662 8241 3552
5654 8238 3546
5649 8234 3539
5644 8230 3531
5638 8227 3529
5632 8224 3528
5626 8221 3524
5621 8219 3515
5617 8217 3515
5613 8215 3513
5608 8213 3513
5603 8211 3524
5598 8209 3522
5593 8208 3522
5588 8205 3524
5582 8203 3502
5576 8201 3502
5570 8199 3502
5564 8197 3500
5561 8195 3520
5555 8193 3520
5551 8191 3516
5545 8188 3516
5538 8186 3516
5531 8182 3515
5524 8179 3516
5518 8177 3513
5512 8174 3513
5506 8170 3520
5500 8168 3522
5493 8165 3522
5487 8161 3522
5479 8156 3518
5472 8153 3518
5465 8149 3518
5457 8145 3518
5452 8142 3516
5446 8140 3515
5438 8137 3513
5431 8135 3511
5422 8131 3507
5414 8129 3505
5406 8126 3507
5400 8122 3507
5396 8119 3500
5390 8117 3500
5384 8114 3498
5378 8112 3496
5372 8110 3509
5367 8107 3509
5363 8105 3509
5359 8104 3509
5355 8102 3504
5351 8101 3504
5347 8099 3502
5343 8098 3502
5339 8096 3496
5335 8094 3498
5332 8092 3498
5329 8091 3498
5326 8091 3500
5323 8091 3500
5320 8091 3498
5317 8091 3496
5314 8090 3494
5310 8090 3483
5306 8091 3481
5303 8091 3478
5298 8091 3472
5297 8091 3478
5294 8091 3474
5290 8091 3470
5285 8091 3470
5279 8092 3470
5276 8093 3470
5272 8094 3467
5268 8094 3461
5265 8096 3454
5260 8097 3450
5256 8098 3448
5251 8099 3448
5246 8100 3443
5241 8100 3441
5238 8101 3439
5234 8102 3439
5232 8104 3457
5228 8104 3456
5226 8106 3450
5222 8107 3446
5219 8109 3424
5215 8110 3423
5212 8112 3421
5208 8115 3417
5203 8117 3421
5201 8119 3419
5197 8122 3417
5193 8125 3417
5189 8128 3412
5183 8131 3408
5179 8135 3408
5175 8139 3406
5170 8143 3406
5165 8148 3401
5162 8153 3401
5158 8156 3399
5154 8162 3401
5149 8167 3403
5145 8172 3404
5139 8177 3403
5135 8182 3404
5132 8189 3408
5127 8195 3406
5122 8202 3406
5116 8208 3406
5109 8215 3410
5103 8222 3410
5098 8229 3410
5093 8236 3410
5088 8243 3412
5082 8250 3412
5078 8257 3413
5073 8265 3412
5069 8273 3410
5065 8280 3408
5060 8287 3404
5056 8294 3403
5051 8301 3412
5046 8309 3413
5041 8318 3413
5035 8327 3415
5031 8336 3404
5025 8345 3406
5020 8355 3408
5014 8364 3410
5006 8372 3406
4999 8382 3408
4993 8392 3410
4987 8402 3412
4979 8413 3413
4974 8423 3406
4968 8434 3406
4962 8445 3404
4957 8455 3403
4952 8465 3419
4947 8475 3413
4941 8486 3410
4935 8497 3408
4928 8509 3392
4921 8520 3392
4914 8532 3390
4907 8542 3388
4901 8552 3388
4894 8562 3384
4888 8571 3382
4882 8581 3381
4878 8591 3372
4871 8600 3372
4865 8609 3372
4860 8618 3372
4853 8626 3368
4847 8635 3368
4841 8643 3366
4835 8651 3366
4828 8659 3379
4822 8666 3375
4818 8673 3375
4812 8680 3373
4806 8688 3366
4801 8695 3368
4796 8702 3368
4790 8710 3368
4784 8717 3357
4779 8723 3355
4774 8730 3353
4769 8737 3353
4764 8744 3359
4760 8750 3355
4755 8756 3353
4751 8762 3353
4748 8768 3353
4745 8774 3350
4741 8779 3348
4738 8785 3346
4733 8790 3344
4731 8796 3370
4728 8801 3370
4724 8807 3368
4720 8812 3368
4717 8817 3344
4714 8821 3343
4711 8824 3350
4708 8829 3348
4704 8832 3355
4701 8835 3359
4698 8838 3355
4695 8841 3357
4694 8845 3361
4691 8848 3359
4689 8852 3359
4686 8856 3359
4682 8860 3361
4679 8865 3361
4676 8869 3361
4674 8874 3361
4671 8879 3352
4668 8883 3352
4666 8887 3350
4663 8891 3350
4663 8895 3355
4661 8900 3357
4659 8905 3359
4656 8911 3361
4653 8916 3357
4651 8922 3357
4649 8928 3357
4647 8933 3357
4644 8939 3353
4641 8944 3344
4639 8950 3341
4636 8955 3341
4634 8961 3341
4632 8966 3339
4630 8972 3339
4628 8977 3335
4625 8982 3334
4623 8988 3341
4620 8994 3339
4618 8999 3339
4616 9005 3341
4612 9011 3343
4611 9017 3343
4609 9024 3344
4606 9030 3344
4606 9036 3346
4604 9043 3348
4601 9050 3346
4599 9057 3344
4595 9064 3353
4593 9072 3352
4591 9079 3353
4589 9087 3353
4587 9095 3341
4585 9103 3343
4583 9112 3343
4581 9121 3343
4576 9131 3344
4574 9140 3339
4572 9150 3339
4571 9160 3339
4570 9170 3341
4568 9180 3341
4565 9191 3341
4563 9201 3343
4561 9211 3344
4560 9221 3337
4558 9232 3337
4557 9242 3337
4555 9254 3337
4552 9266 3341
4549 9279 3343
4547 9291 3344
4546 9303 3343
4545 9315 3352
4543 9327 3353
4542 9340 3353
4540 9352 3355
4538 9364 3361
4536 9377 3361
4535 9389 3363
4534 9402 3363
4533 9415 3361
4530 9428 3361
4529 9442 3359
4528 9455 3361
4526 9468 3366
4525 9482 3368
4524 9495 3370
4523 9510 3372
4524 9525 3390
4522 9541 3392
4522 9557 3390
4521 9573 3392
4519 9590 3375
4519 9606 3373
4517 9622 3373
4517 9639 3375
4519 9655 3373
4517 9670 3373
4517 9685 3375
4517 9700 3375
4517 9714 3377
4517 9729 3382
4517 9744 3384
4517 9759 3384
4516 9775 3382
4515 9791 3395
4514 9807 3393
4513 9821 3393
4512 9836 3393
4512 9850 3381
4512 9865 3382
4511 9880 3384
4511 9894 3384
4510 9909 3390
4509 9923 3390
4509 9936 3390
4508 9952 3390
4509 9968 3392
4509 9983 3392
4509 9997 3393
4508 10011 3392
4506 10025 3388
4506 10041 3390
4505 10055 3390
4505 10070 3390
4506 10084 3388
4505 10097 3388
4505 10109 3386
4505 10121 3386
4504 10134 3386
4503 10146 3382
4503 10159 3384
4502 10172 3390
4502 10186 3393
4503 10199 3412
4504 10213 3415
4504 10226 3413
4505 10239 3413
4506 10252 3399
4507 10266 3397
4508 10279 3399
4509 10293 3399
4508 10306 3397
4509 10317 3399
4510 10331 3399
4511 10344 3401
4513 10357 3404
4515 10372 3404
4517 10386 3404
4517 10399 3406
4517 10414 3408
4519 10429 3410
4520 10444 3412
4522 10458 3412
4525 10473 3382
4526 10486 3384
4528 10499 3382
4530 10512 3382
4533 10524 3417
4536 10536 3417
4536 10548 3419
4539 10559 3421
4540 10569 3415
4541 10581 3415
4543 10592 3417
4545 10603 3419
4548 10615 3419
4551 10626 3423
4553 10637 3423
4555 10647 3423
4555 10659 3421
4557 10669 3410
4558 10680 3410
4560 10690 3412
4563 10702 3415
4565 10714 3419
4567 10726 3421
4568 10736 3423
4571 10745 3419
4572 10755 3421
4574 10765 3421
4574 10776 3419
4577 10787 3421
4577 10797 3424
4578 10806 3426
4580 10815 3426
4581 10824 3428
4585 10834 3434
4587 10842 3432
4587 10850 3434
4587 10858 3432
4587 10866 3432
4589 10875 3434
4590 10885 3434
4592 10895 3435
4595 10905 3435
4596 10914 3437
4598 10924 3437
4599 10932 3437
4600 10941 3435
4601 10950 3434
4603 10959 3435
4605 10968 3437
4606 10977 3435
4606 10986 3430
4608 10994 3430
4609 11003 3430
4610 11012 3434
4611 11022 3441
4612 11032 3445
4614 11041 3446
4616 11052 3446
4618 11063 3461
4620 11073 3461
4622 11084 3461
4624 11095 3461
4625 11104 3439
4628 11114 3437
4631 11124 3441
4633 11134 3441
4636 11144 3448
4639 11155 3452
4643 11165 3452
4646 11176 3456
4651 11187 3459
4654 11197 3463
4657 11206 3463
4661 11218 3465
4665 11228 3472
4669 11239 3474
4673 11251 3476
4676 11262 3478
4681 11272 3463
4685 11282 3463
4689 11293 3463
4692 11303 3465
4697 11314 3472
4701 11324 3476
4705 11335 3478
4709 11347 3478
4711 11359 3487
4716 11370 3489
4720 11381 3496
4726 11391 3500
4732 11402 3504
4737 11414 3509
4742 11426 3509
4748 11437 3513
4752 11447 3513
4760 11459 3502
4766 11470 3504
4771 11481 3502
4777 11493 3504
4784 11503 3511
4790 11515 3511
4796 11527 3513
4803 11539 3515
4806 11552 3518
4812 11564 3520
4818 11576 3520
4825 11587 3520
4834 11601 3520
4841 11614 3522
4847 11625 3522
4854 11637 3522
4858 11648 3520
4864 11659 3522
4869 11670 3524
4874 11682 3528
4879 11695 3526
4885 11708 3526
4891 11722 3526
4897 11736 3526
4906 11749 3533
4913 11761 3531
4920 11773 3533
4927 11784 3537
4932 11795 3541
4936 11806 3546
4943 11817 3546
4949 11828 3546
4955 11839 3544
4961 11849 3529
4967 11861 3531
4973 11872 3529
4979 11883 3533
4986 11892 3559
4992 11902 3559
4997 11911 3559
5001 11920 3557
5004 11928 3552
5009 11937 3552
5012 11946 3554
5017 11954 3556
5019 11962 3548
5023 11968 3548
5025 11978 3548
5030 11986 3548
5037 11995 3556
5040 12004 3556
5044 12011 3556
5048 12019 3557
5051 12026 3550
5055 12033 3556
5057 12040 3559
5061 12046 3561
5063 12053 3565
5066 12059 3565
5067 12063 3565
5070 12068 3565
5073 12073 3569
5076 12079 3572
5079 12087 3576
5082 12095 3582
5087 12104 3582
5092 12112 3578
5097 12120 3580
5101 12130 3580
5108 12139 3582
5114 12149 3595
5119 12158 3597
5125 12170 3599
5132 12181 3599
5136 12192 3591
5143 12204 3591
5150 12215 3591
5156 12225 3595
5164 12236 3604
5171 12247 3608
5177 12258 3610
5184 12269 3612
5190 12280 3625
5198 12291 3625
5206 12302 3625
5214 12315 3627
5224 12329 3638
5233 12345 3640
5244 12360 3640
5253 12374 3640
5262 12389 3599
5271 12403 3597
5279 12416 3597
5287 12429 3597
5298 12442 3612
5304 12454 3619
5313 12465 3621
5320 12475 3625
5326 12486 3619
5333 12496 3614
5339 12507 3615
5345 12517 3615
5349 12526 3617
5355 12534 3617
5361 12542 3615
5367 12551 3617
5374 12561 3617
5383 12571 3630
5391 12582 3632
5398 12592 3630
5406 12602 3630
5411 12613 3617
5418 12623 3619
5425 12634 3621
5431 12644 3619
5440 12654 3623
5447 12664 3623
5453 12672 3623
5457 12679 3629
5461 12685 3653
5466 12691 3655
5472 12699 3657
5478 12707 3655
5486 12716 3627
5492 12725 3627
5497 12733 3627
5503 12742 3625
5507 12751 3630
5514 12760 3629
5520 12770 3630
5527 12780 3630
5537 12790 3632
5545 12800 3636
5552 12809 3636
5561 12819 3638
5569 12829 3642
5577 12839 3664
5586 12848 3666
5594 12857 3668
5603 12865 3666
5611 12874 3649
5620 12882 3651
5628 12891 3653
5638 12899 3653
5649 12908 3642
5657 12915 3638
5666 12923 3634
5675 12931 3630
5682 12938 3627
5691 12946 3627
5700 12955 3629
5708 12962 3629
5717 12970 3644
5728 12978 3642
5738 12984 3644
5748 12993 3644
5759 13001 3636
5768 13008 3638
5778 13015 3636
5787 13021 3636
5800 13028 3634
5810 13033 3638
5819 13038 3640
5830 13042 3642
5841 13046 3642
5852 13051 3651
5863 13055 3653
5873 13059 3653
5882 13060 3653
5892 13063 3649
5901 13067 3647
5912 13069 3647
5922 13073 3646
5931 13076 3640
5939 13078 3642
5949 13079 3646
5957 13081 3649
5967 13083 3651
5976 13084 3653
5984 13085 3655
5992 13088 3655
6000 13088 3657
6008 13090 3657
6017 13092 3657
6027 13092 3661
6035 13094 3657
6046 13094 3661
6056 13096 3659
6065 13096 3659
6073 13098 3663
6083 13100 3657
6092 13101 3657
6104 13103 3657
6114 13104 3657
6125 13106 3661
6136 13108 3661
6148 13110 3661
6161 13111 3666
6173 13115 3666
6185 13117 3666
6197 13119 3666
6209 13121 3663
6221 13125 3664
6233 13127 3664
6246 13130 3664
6259 13133 3668
6272 13136 3663
6284 13138 3664
6295 13142 3661
6308 13144 3657
6322 13148 3659
6336 13152 3655
6349 13155 3659
6361 13159 3659
6375 13161 3676
6388 13165 3680
6403 13167 3678
6416 13171 3676
6430 13175 3655
6444 13177 3651
6457 13180 3651
6471 13183 3647
6484 13186 3653
6500 13188 3649
6514 13192 3651
6529 13196 3651
6542 13200 3649
6556 13204 3646
6571 13208 3646
6586 13212 3646
6602 13215 3644
6616 13221 3642
6631 13225 3646
6647 13229 3644
6664 13233 3651
6682 13236 3668
6698 13240 3661
6715 13242 3659
6730 13246 3661
6745 13248 3649
6759 13252 3646
6776 13254 3642
6791 13258 3632
6809 13260 3627
6822 13262 3634
6837 13263 3634
6853 13265 3632
6865 13267 3634
6881 13269 3634
6896 13271 3634
6911 13273 3634
6926 13273 3657
6943 13275 3659
6958 13275 3664
6972 13278 3668
6987 13280 3649
7000 13282 3646
7014 13284 3647
7030 13286 3649
7046 13288 3651
7063 13289 3649
7077 13292 3644
7094 13294 3642
7110 13296 3644
7126 13300 3651
7141 13302 3649
7159 13304 3647
7176 13307 3644
7191 13309 3644
7209 13311 3644
7227 13313 3644
7243 13314 3644
7261 13317 3630
7279 13321 3632
7298 13323 3634
7318 13325 3636
7339 13329 3644
7357 13332 3647
7378 13335 3647
7395 13338 3644
7416 13340 3646
7434 13344 3634
7453 13346 3632
7471 13348 3630
7489 13352 3627
7507 13355 3629
7524 13357 3629
7543 13360 3627
7560 13362 3623
7579 13364 3621
7596 13365 3619
7610 13367 3619
7625 13371 3619
7641 13373 3615
7657 13375 3617
7672 13377 3617
7689 13379 3615
7704 13381 3632
7720 13383 3629
7735 13385 3625
7750 13387 3623
7764 13389 3610
7780 13390 3610
7795 13392 3610
7810 13396 3608
7825 13398 3606
7838 13402 3604
7853 13405 3602
7869 13408 3602
7885 13411 3602
7898 13414 3604
7911 13415 3606
7924 13417 3608
7936 13421 3606
7951 13423 3606
7965 13425 3606
7979 13427 3602
7993 13431 3599
8006 13433 3597
8018 13435 3595
8031 13437 3593
8044 13439 3595
8055 13440 3593
8066 13441 3593
8078 13441 3589
8088 13442 3587
8099 13442 3582
8110 13442 3580
8119 13442 3578
8129 13442 3578
8139 13444 3597
8146 13444 3597
8155 13444 3599
8164 13442 3599
8170 13442 3574
8179 13441 3569
8186 13441 3565
8193 13439 3556
8200 13438 3556
8206 13437 3554
8210 13435 3550
8216 13433 3550
8219 13431 3550
8224 13429 3546
8227 13427 3539
8231 13425 3535
8237 13423 3531
8241 13421 3526
8245 13417 3520
8250 13415 3513
8252 13413 3502
8255 13411 3494
8258 13408 3489
8260 13406 3480
8263 13402 3478
8266 13400 3468
8268 13398 3459
8269 13394 3456
8271 13392 3448
8271 13390 3459
8272 13387 3452
8272 13386 3441
8272 13383 3432
8273 13381 3417
8275 13379 3412
8276 13377 3410
8277 13375 3404
8276 13373 3390
8277 13371 3384
8278 13369 3379
8278 13369 3373
8279 13367 3372
8279 13364 3366
8279 13362 3363
8280 13359 3363
8279 13357 3364
8279 13356 3364
8279 13354 3363
8279 13352 3359
8279 13352 3350
8279 13350 3348
8279 13350 3346
8279 13348 3346
8280 13348 3341
8280 13346 3344
8280 13346 3343
8279 13346 3341
8278 13346 3359
8279 13346 3352
8279 13346 3359
8279 13344 3364
8278 13344 3361
8277 13344 3357
8277 13346 3355
8277 13346 3353
8278 13346 3355
8279 13346 3366
8279 13346 3370
8279 13346 3370
8278 13346 3355
8278 13346 3353
8278 13346 3355
8278 13346 3357
8281 13346 3370
8281 13348 3377
8281 13348 3379
8281 13348 3381
8280 13348 3388
8280 13348 3384
8280 13348 3388
8280 13348 3392
8278 13348 3388
8278 13348 3392
8278 13348 3393
8278 13348 3397
8280 13348 3401
8280 13348 3403
8280 13348 3406
8281 13348 3408
8280 13348 3410
8281 13348 3410
8281 13348 3415
8280 13348 3419
8281 13348 3421
8280 13348 3426
8281 13346 3426
8282 13346 3426
8281 13346 3430
8283 13346 3426
8284 13346 3432
8285 13346 3437
8286 13344 3443
8286 13344 3456
8286 13344 3456
8288 13344 3459
8289 13344 3461
8290 13344 3459
8291 13342 3463
8293 13342 3467
8294 13342 3476
8295 13342 3476
8296 13340 3483
8297 13339 3487
8300 13339 3489
8301 13339 3496
8304 13338 3496
8306 13337 3500
8307 13336 3507
8311 13334 3504
8315 13333 3509
8317 13332 3515
8319 13330 3511
8320 13329 3533
8322 13327 3537
8326 13325 3544
8328 13325 3550
8332 13325 3546
8335 13323 3550
8337 13321 3550
8341 13319 3557
8344 13319 3557
8347 13317 3557
8352 13315 3559
8356 13314 3559
8361 13313 3559
8365 13311 3559
8370 13310 3563
8375 13308 3563
8379 13307 3563
8383 13307 3557
8387 13305 3559
8391 13304 3565
8396 13303 3565
8400 13302 3572
8405 13300 3572
8408 13298 3576
8412 13296 3580
8417 13296 3589
8420 13294 3595
8424 13294 3597
8428 13292 3600
8431 13292 3602
8435 13289 3600
8438 13288 3602
8442 13287 3604
8445 13286 3585
8448 13285 3584
8451 13283 3584
8456 13281 3582
8461 13280 3610
8464 13278 3614
8468 13277 3614
8472 13275 3617
8475 13275 3610
8479 13273 3608
8482 13273 3610
8485 13271 3612
8488 13269 3612
8492 13269 3612
8495 13267 3610
8498 13267 3606
8502 13265 3602
8505 13265 3602
8509 13263 3604
8512 13263 3604
8516 13261 3606
8519 13260 3599
8523 13259 3602
8526 13258 3606
8529 13257 3608
8534 13256 3621
8536 13255 3617
8539 13254 3619
8543 13253 3619
8545 13252 3615
8548 13250 3621
8551 13250 3621
8554 13248 3623
8558 13248 3630
8560 13248 3630
8563 13246 3632
8567 13246 3630
8569 13246 3634
8572 13246 3640
8575 13244 3638
8577 13244 3638
8578 13244 3636
8580 13244 3629
8582 13244 3632
8584 13242 3630
8585 13242 3627
8586 13242 3632
8587 13242 3632
8588 13242 3636
8589 13240 3638
8591 13240 3632
8593 13240 3634
8594 13240 3632
8595 13240 3632
8594 13240 3621
8594 13240 3617
8595 13240 3621
8596 13240 3623
8597 13240 3653
8597 13240 3659
8598 13240 3659
8598 13238 3655
8598 13238 3638
8598 13238 3636
8599 13238 3636
8601 13238 3634
8600 13238 3632
8600 13238 3636
8599 13238 3655
8599 13238 3653
8600 13238 3651
8597 13238 3634
8597 13238 3630
8597 13238 3632
8601 13238 3632
8601 13238 3634
8601 13238 3638
8600 13238 3634
8599 13238 3636
8600 13238 3644
8600 13238 3646
8601 13238 3647
8600 13238 3647
8600 13238 3659
8600 13238 3655
8599 13238 3653
8600 13238 3653
8599 13238 3646
8599 13238 3647
8600 13238 3649
8599 13238 3646
8600 13238 3638
8600 13238 3632
8600 13238 3634
8598 13238 3630
8598 13238 3634
8598 13238 3636
8599 13238 3636
8599 13238 3629
8600 13238 3627
8599 13238 3625
8600 13238 3642
8599 13238 3649
8599 13240 3647
8599 13240 3625
8598 13240 3621
8598 13238 3617
8599 13238 3615
8599 13238 3623
8600 13238 3627
8600 13238 3629
8599 13238 3627
8599 13238 3621
8599 13238 3623
8600 13238 3627
8599 13238 3630
8599 13238 3629
8599 13238 3632
8599 13238 3629
8598 13238 3623
8599 13238 3623
8599 13238 3619
8598 13238 3617
8598 13238 3623
8598 13238 3619
8598 13237 3615
8598 13237 3612
8599 13237 3612
8599 13237 3610
8599 13237 3608
8599 13237 3604
8599 13237 3595
8598 13237 3593
8598 13236 3589
8598 13236 3582
8599 13236 3591
8598 13236 3587
8598 13236 3589
8595 13236 3569
8595 13236 3563
8595 13235 3559
8595 13235 3556
8596 13234 3548
8595 13234 3541
8595 13233 3533
8593 13232 3528
8593 13230 3535
8591 13228 3537
8588 13223 3537
8586 13219 3531
8583 13215 3529
8581 13210 3526
8577 13205 3526
8574 13198 3529
8571 13192 3522
8565 13186 3518
8562 13179 3513
8558 13171 3509
8554 13162 3507
8550 13155 3513
8546 13146 3511
8540 13136 3511
8535 13127 3516
8530 13117 3511
8524 13108 3513
8518 13096 3515
8512 13085 3511
8507 13073 3518
8501 13061 3520
8496 13053 3518
8491 13042 3516
8486 13033 3515
8480 13021 3515
8474 13009 3516
8468 12999 3518
8462 12988 3515
8457 12977 3515
8451 12966 3515
8446 12955 3513
8441 12945 3505
8436 12935 3505
8431 12924 3504
8425 12914 3505
8418 12904 3516
8412 12893 3511
8407 12882 3513
8400 12873 3511
8397 12864 3513
8392 12855 3520
8387 12844 3522
8381 12835 3531
8375 12825 3526
8371 12816 3522
8367 12808 3518
8364 12801 3515
8360 12793 3516
8358 12786 3531
8354 12779 3533
8351 12773 3533
8349 12768 3535
8345 12764 3528
8344 12760 3529
8343 12757 3529
8341 12754 3533
8342 12751 3531
8340 12747 3535
8339 12744 3537
8337 12740 3533
8333 12737 3531
8331 12734 3529
8331 12732 3529
8331 12730 3531
8333 12729 3528
8333 12727 3528
8332 12726 3535
8330 12726 3542
8330 12725 3544
8330 12724 3546
8330 12724 3539
8332 12724 3548
8331 12724 3548
8332 12723 3548
8331 12723 3544
8329 12722 3539
8329 12721 3539
8328 12720 3541
8328 12719 3544
8329 12717 3542
8329 12717 3539
8329 12716 3537
8328 12715 3537
8327 12714 3535
8324 12712 3528
8324 12710 3524
8323 12707 3524
8323 12704 3520
8322 12701 3522
8320 12698 3522
8318 12695 3518
8317 12692 3526
8314 12688 3537
8311 12684 3537
8309 12678 3539
8306 12672 3528
8305 12666 3522
8300 12657 3516
8296 12649 3515
8291 12638 3518
8285 12627 3513
8281 12617 3515
8276 12605 3513
8272 12594 3515
8267 12583 3515
8262 12572 3516
8258 12562 3518
8252 12552 3518
8246 12542 3505
8242 12531 3507
8237 12520 3511
8232 12510 3507
8229 12501 3526
8225 12493 3524
8222 12486 3522
8219 12476 3524
8214 12468 3526
8210 12457 3526
8205 12447 3526
8201 12437 3526
8195 12428 3526
8191 12420 3526
8187 12411 3526
8182 12402 3528
8179 12394 3526
8175 12387 3516
8171 12379 3516
8168 12372 3518
8166 12363 3522
8163 12354 3548
8158 12345 3548
8156 12336 3546
8155 12330 3544
8151 12323 3535
8150 12316 3533
8146 12309 3537
8144 12303 3537
8143 12296 3535
8142 12290 3537
8140 12283 3539
8137 12276 3541
8133 12269 3535
8131 12263 3537
8129 12256 3537
8129 12250 3537
8127 12243 3529
8125 12236 3529
8124 12230 3529
8123 12225 3531
8121 12219 3546
8120 12212 3548
8118 12205 3548
8117 12196 3546
8117 12191 3554
8116 12184 3554
8115 12179 3554
8113 12173 3554
8111 12165 3552
8108 12157 3552
8106 12150 3552
8104 12142 3552
8104 12135 3546
8102 12127 3554
8100 12118 3554
8097 12110 3554
8094 12101 3556
8092 12093 3557
8091 12084 3559
8089 12076 3557
8086 12068 3559
8083 12059 3554
8080 12051 3556
8079 12044 3554
8078 12036 3554
8077 12028 3548
8075 12021 3542
8073 12012 3541
8069 12003 3537
8067 11995 3541
8066 11986 3537
8064 11977 3537
8063 11968 3535
8059 11960 3544
8059 11952 3548
8057 11945 3546
8055 11937 3548
8054 11928 3542
8052 11919 3542
8049 11910 3544
8048 11901 3546
8046 11892 3539
8044 11883 3539
8041 11873 3539
8039 11863 3539
8036 11853 3541
8030 11843 3535
8028 11833 3535
8026 11823 3535
8022 11813 3535
8021 11803 3526
8017 11793 3526
8015 11783 3528
8013 11773 3528
8011 11763 3548
8008 11754 3548
8005 11743 3548
8003 11732 3546
7999 11721 3531
7994 11710 3533
7990 11700 3533
7988 11690 3535
7985 11681 3541
7984 11674 3541
7983 11666 3542
7981 11659 3541
7984 11651 3541
7983 11643 3541
7981 11637 3541
7981 11631 3542
7978 11625 3554
7977 11618 3552
7977 11611 3552
7976 11604 3552
7976 11597 3541
7975 11590 3544
7974 11583 3542
7973 11576 3542
7973 11570 3546
7972 11563 3546
7971 11556 3546
7970 11548 3546
7965 11539 3546
7963 11530 3542
7962 11522 3541
7960 11513 3542
7960 11505 3542
7958 11497 3535
7955 11489 3535
7954 11482 3535
7952 11475 3533
7950 11468 3542
7947 11459 3541
7943 11450 3539
7940 11441 3541
7938 11433 3546
7937 11425 3548
7935 11418 3550
7933 11411 3548
7935 11403 3544
7935 11397 3544
7934 11391 3544
7934 11386 3544
7932 11382 3544
7930 11378 3542
7928 11373 3544
7927 11367 3542
7926 11361 3550
7925 11354 3550
7924 11348 3550
7923 11341 3552
7923 11335 3544
7923 11329 3544
7922 11324 3546
7921 11320 3546
7919 11315 3550
7917 11310 3546
7917 11305 3546
7916 11299 3544
7916 11294 3542
7916 11287 3570
7914 11281 3569
7913 11275 3570
7911 11268 3572
7909 11263 3556
7908 11257 3557
7905 11251 3557
7904 11244 3556
7901 11238 3541
7901 11232 3541
7899 11226 3541
7898 11220 3541
7897 11214 3535
7895 11209 3535
7894 11204 3533
7891 11199 3533
7892 11193 3546
7891 11187 3546
7890 11182 3546
7888 11177 3544
7887 11173 3548
7886 11170 3550
7885 11166 3552
7885 11162 3554
7884 11159 3554
7884 11155 3552
7883 11151 3554
7883 11148 3557
7883 11145 3552
7882 11143 3559
7882 11141 3559
7882 11139 3563
7882 11137 3569
7883 11135 3574
7884 11134 3578
7884 11132 3582
7884 11130 3585
7885 11128 3576
7885 11126 3580
7885 11124 3582
7886 11122 3584
7884 11119 3595
7886 11117 3597
7887 11115 3597
7888 11113 3597
7890 11111 3602
7891 11108 3604
7892 11106 3612
7894 11103 3614
7891 11101 3608
7894 11098 3612
7896 11095 3615
7898 11092 3621
7901 11090 3636
7901 11086 3644
7902 11084 3647
7903 11082 3655
7907 11079 3672
7908 11077 3681
7911 11075 3689
7914 11072 3695
7919 11070 3685
7923 11066 3689
7925 11064 3697
7929 11061 3699
7933 11058 3704
7939 11054 3704
7946 11050 3708
7951 11047 3714
7956 11043 3716
7962 11040 3720
7965 11036 3720
7972 11033 3725
7978 11030 3725
7986 11027 3725
7994 11024 3729
8002 11020 3727
8010 11016 3729
8018 11012 3742
8028 11008 3742
8037 11004 3742
8046 11001 3742
8051 10998 3735
8059 10995 3739
8066 10990 3741
8075 10987 3744
8082 10983 3739
8091 10979 3739
8099 10975 3739
8107 10971 3737
8117 10968 3762
8126 10965 3762
8135 10962 3763
8143 10958 3763
8153 10955 3748
8162 10951 3748
8169 10948 3748
8179 10944 3750
8188 10941 3750
8196 10938 3750
8205 10934 3752
8213 10932 3752
8220 10929 3748
8229 10926 3758
8238 10923 3760
8247 10919 3763
8255 10916 3771
8263 10912 3771
8270 10908 3775
8278 10904 3777
8285 10900 3773
8293 10895 3771
8300 10891 3773
8307 10886 3771
8314 10882 3779
8320 10878 3769
8326 10875 3765
8332 10871 3765
8339 10867 3762
8344 10863 3765
8349 10859 3767
8353 10855 3765
8358 10851 3763
8364 10847 3760
8369 10843 3760
8373 10840 3762
8377 10836 3760
8381 10832 3763
8384 10828 3763
8387 10824 3763
8391 10820 3767
8394 10815 3765
8398 10811 3760
8402 10807 3758
8406 10803 3756
8409 10800 3752
8412 10796 3760
8415 10793 3756
8419 10789 3758
8423 10785 3762
8427 10781 3760
8430 10778 3762
8433 10774 3760
8436 10772 3762
8438 10769 3762
8442 10765 3762
8444 10762 3762
8446 10758 3762
8449 10755 3765
8451 10752 3767
8453 10750 3765
8457 10747 3760
8459 10744 3756
8463 10741 3750
8467 10736 3750
8469 10732 3750
8470 10727 3752
8472 10723 3752
8474 10719 3752
8476 10715 3758
8480 10711 3750
8483 10707 3750
8485 10702 3750
8487 10698 3744
8488 10693 3744
8489 10689 3744
8492 10685 3744
8494 10681 3744
8496 10677 3746
8497 10673 3742
8499 10668 3742
8501 10663 3742
8502 10658 3739
8505 10653 3739
8507 10647 3735
8509 10643 3735
8511 10639 3737
8513 10635 3750
8514 10630 3754
8516 10626 3752
8518 10620 3746
8518 10614 3731
8520 10608 3725
8521 10601 3725
8523 10595 3725
8526 10590 3727
8527 10584 3725
8527 10578 3725
8530 10571 3723
8531 10567 3718
8532 10562 3720
8533 10557 3720
8534 10552 3721
8534 10547 3721
8536 10542 3716
8537 10536 3714
8538 10530 3716
8538 10524 3716
8538 10518 3716
8539 10512 3714
8540 10506 3710
8540 10500 3710
8540 10493 3716
8542 10488 3718
8543 10482 3720
8544 10477 3721
8544 10471 3716
8545 10466 3718
8546 10460 3721
8547 10454 3721
8550 10448 3733
8551 10442 3733
8552 10436 3731
8552 10429 3735
8552 10422 3731
8552 10415 3735
8552 10408 3735
8554 10402 3733
8556 10397 3727
8558 10392 3723
8559 10387 3720
8560 10383 3721
8559 10378 3720
8560 10373 3721
8561 10368 3721
8562 10363 3721
8562 10358 3731
8563 10354 3733
8564 10349 3735
8565 10344 3735
8567 10340 3725
8568 10335 3721
8570 10330 3723
8571 10325 3721
8572 10320 3725
8573 10315 3727
8574 10310 3723
8575 10305 3725
8576 10300 3723
8575 10295 3725
8576 10289 3723
8577 10284 3727
8578 10278 3725
8578 10273 3723
8581 10268 3725
8581 10262 3723
8583 10256 3723
8584 10251 3727
8585 10245 3729
8586 10240 3729
8588 10234 3733
8591 10228 3742
8593 10224 3741
8594 10220 3741
8595 10215 3742
8596 10211 3731
8598 10207 3735
8599 10204 3735
8601 10200 3737
8602 10195 3733
8603 10190 3733
8605 10187 3733
8606 10182 3727
8606 10178 3746
8608 10173 3746
8609 10169 3746
8610 10165 3750
8611 10161 3733
8612 10157 3729
8613 10152 3729
8615 10148 3725
8616 10143 3721
8616 10137 3721
8619 10132 3727
8620 10127 3733
8623 10122 3741
8624 10118 3744
8626 10113 3742
8627 10110 3742
8628 10107 3746
8629 10103 3750
8631 10100 3752
8632 10095 3754
8633 10090 3748
8635 10086 3746
8636 10081 3746
8637 10077 3746
8639 10073 3748
8641 10068 3752
8643 10063 3756
8644 10060 3758
8646 10056 3760
8646 10052 3748
8648 10049 3748
8649 10045 3748
8650 10042 3744
8653 10039 3756
8654 10035 3756
8656 10032 3760
8657 10029 3765
8658 10025 3777
8659 10023 3785
8660 10020 3788
8662 10018 3792
8662 10016 3792
8664 10014 3794
8665 10012 3798
8666 10010 3800
8670 10008 3796
8671 10007 3798
8672 10005 3794
8674 10003 3794
8672 10001 3794
8673 9999 3792
8675 9998 3798
8676 9996 3798
8677 9994 3804
8679 9993 3796
8681 9991 3794
8683 9989 3798
8684 9987 3792
8686 9984 3792
8688 9982 3792
8689 9979 3792
8691 9977 3792
8692 9976 3808
8695 9974 3813
8697 9972 3813
8698 9970 3815
8701 9968 3804
8703 9966 3806
8704 9964 3806
8705 9962 3806
8707 9960 3819
8709 9958 3819
8711 9957 3821
8713 9955 3829
8713 9953 3823
8714 9951 3821
8716 9948 3821
8717 9945 3821
8718 9943 3839
8721 9940 3844
8723 9938 3848
8725 9936 3852
8726 9934 3839
8728 9932 3839
8730 9930 3839
8734 9928 3837
8738 9926 3841
8741 9924 3841
8743 9922 3843
8743 9920 3843
8745 9918 3843
8748 9916 3854
8750 9914 3850
8752 9912 3852
8754 9909 3852
8756 9906 3844
8758 9904 3848
8759 9901 3850
8761 9898 3848
8765 9896 3844
8767 9893 3844
8768 9890 3843
8771 9888 3844
8771 9886 3843
8773 9883 3843
8775 9881 3844
8777 9878 3844
8779 9875 3850
8781 9873 3846
8783 9870 3844
8786 9868 3846
8788 9865 3841
8790 9862 3843
8792 9860 3844
8794 9857 3843
8794 9856 3850
8797 9854 3854
8799 9852 3852
8801 9851 3854
8804 9849 3848
8805 9848 3848
8806 9846 3852
8809 9844 3856
8811 9842 3860
8814 9841 3862
8816 9839 3864
8818 9838 3864
8821 9836 3868
8822 9835 3881
8824 9833 3883
8827 9832 3885
8830 9831 3887
8834 9829 3887
8836 9827 3889
8839 9826 3889
8842 9824 3883
8845 9821 3874
8849 9819 3874
8853 9817 3877
8855 9815 3877
8857 9813 3876
8860 9811 3872
8863 9809 3872
8867 9807 3876
8870 9806 3879
8875 9804 3883
8879 9802 3883
8883 9800 3881
8887 9799 3887
8891 9797 3889
8894 9796 3893
8898 9794 3897
8901 9793 3899
8904 9792 3909
8907 9791 3916
8910 9790 3918
8912 9789 3926
8917 9788 3922
8920 9787 3920
8923 9786 3920
8927 9785 3916
8931 9783 3918
8936 9782 3916
8941 9781 3920
8946 9780 3920
8952 9779 3926
8958 9777 3930
8964 9777 3930
8970 9776 3934
8976 9776 3930
8982 9775 3932
8988 9774 3932
8994 9774 3928
9001 9773 3932
9007 9771 3934
9013 9771 3936
9018 9771 3936
9022 9770 3934
9028 9769 3936
9035 9768 3938
9042 9768 3932
9050 9767 3938
9057 9767 3932
9064 9767 3932
9071 9766 3940
9077 9766 3942
9084 9765 3942
9091 9765 3944
9098 9764 3942
9106 9763 3940
9111 9762 3944
9118 9761 3942
9123 9760 3944
9129 9759 3946
9135 9758 3952
9140 9757 3958
9146 9756 3956
9152 9754 3954
9158 9754 3950
9165 9753 3946
9172 9751 3946
9179 9751 3948
9186 9749 3952
9193 9748 3956
9200 9747 3956
9207 9746 3960
9213 9745 3964
9223 9744 3966
9231 9743 3966
9240 9741 3962
9247 9740 3954
9256 9739 3950
9264 9737 3950
9274 9736 3952
9284 9734 3969
9292 9733 3971
9301 9731 3969
9309 9730 3968
9320 9728 3966
9330 9726 3966
9339 9725 3964
9348 9723 3964
9357 9721 3950
9367 9720 3944
9375 9718 3950
9384 9716 3952
9393 9714 3952
9401 9712 3964
9410 9710 3962
9418 9707 3958
9426 9705 3960
9435 9702 3954
9444 9700 3954
9452 9698 3954
9461 9696 3958
9469 9695 3956
9477 9693 3954
9485 9691 3956
9492 9689 3952
9502 9687 3948
9510 9685 3952
9517 9682 3950
9524 9679 3946
9530 9676 3942
9537 9673 3940
9543 9671 3942
9551 9668 3942
9560 9666 3971
9568 9663 3973
9576 9660 3973
9585 9658 3975
9592 9656 3950
9601 9653 3950
9609 9651 3952
9618 9648 3950
9627 9646 3954
9636 9643 3952
9644 9640 3950
9652 9637 3948
9661 9634 3948
9667 9631 3962
9674 9628 3964
9682 9625 3966
9689 9621 3964
9698 9618 3948
9706 9614 3946
9714 9611 3944
9721 9607 3948
9729 9604 3944
9737 9600 3946
9745 9597 3946
9753 9593 3942
9761 9590 3946
9770 9586 3946
9778 9583 3944
9786 9580 3948
9794 9577 3954
9801 9574 3954
9809 9570 3956
9816 9567 3954
9823 9564 3948
9832 9561 3948
9840 9558 3946
9848 9555 3948
9855 9551 3950
9864 9547 3952
9873 9544 3950
9882 9540 3950
9891 9536 3960
9901 9533 3958
9911 9530 3960
9921 9528 3960
9930 9525 3958
9940 9523 3958
9949 9520 3956
9959 9516 3958
9969 9513 3952
9977 9510 3958
9985 9507 3960
9994 9504 3960
10003 9500 3964
10012 9496 3977
10022 9493 3975
10031 9490 3975
10040 9486 3973
10051 9483 3960
10060 9480 3962
10069 9476 3964
10077 9473 3964
10085 9470 3966
10093 9467 3966
10101 9465 3969
10109 9461 3971
10117 9458 3971
10125 9455 3975
10133 9452 3979
10140 9449 3983
10150 9445 3993
10157 9441 3995
10165 9437 3993
10173 9433 3995
10181 9429 3991
10189 9426 3993
10196 9422 3991
10203 9418 3993
10211 9414 3991
10219 9410 3997
10226 9405 3999
10234 9401 3999
10241 9397 3999
10249 9393 4005
10257 9389 4001
10265 9384 4001
10273 9380 3997
10279 9375 3983
10289 9371 3983
10296 9367 3985
10304 9362 3987
10314 9357 3987
10322 9353 3985
10329 9348 3983
10336 9343 3983
10341 9339 3989
10348 9335 3991
10354 9331 3991
10361 9327 3995
10369 9323 3997
10375 9318 3997
10381 9314 3993
10387 9309 3991
10390 9305 3971
10394 9300 3969
10400 9295 3969
10404 9290 3968
10409 9285 3985
10414 9280 3981
10418 9275 3979
10422 9270 3977
10425 9265 3973
10427 9259 3969
10430 9254 3968
10432 9249 3966
10438 9243 3960
10443 9237 3966
10445 9231 3964
10449 9225 3960
10451 9219 3958
10452 9214 3950
10454 9209 3946
10456 9203 3946
10457 9198 3944
10460 9192 3940
10461 9185 3934
10462 9179 3928
10463 9172 3926
10463 9165 3920
10464 9159 3918
10465 9154 3916
10466 9148 3911
10469 9142 3911
10469 9136 3905
10469 9128 3899
10469 9119 3895
10468 9111 3887
10467 9102 3883
10465 9094 3881
10463 9086 3877
10460 9077 3885
10457 9068 3887
10455 9059 3881
10453 9051 3877
10451 9044 3852
10448 9036 3846
10444 9028 3846
10441 9019 3843
10436 9010 3852
10432 9002 3846
10429 8993 3844
10425 8982 3843
10419 8970 3843
10415 8957 3844
10409 8944 3846
10403 8933 3844
10399 8923 3843
10391 8912 3843
10385 8901 3841
10380 8890 3841
10375 8880 3837
10371 8871 3843
10367 8861 3841
10362 8851 3839
10356 8842 3848
10354 8832 3850
10348 8823 3858
10343 8813 3868
10339 8803 3866
10331 8792 3862
10328 8782 3864
10323 8771 3864
10317 8760 3866
10312 8749 3885
10307 8739 3883
10303 8729 3883
10299 8720 3881
10295 8712 3876
10291 8703 3877
10287 8695 3877
10283 8686 3877
10279 8678 3866
10276 8671 3864
10272 8664 3862
10269 8657 3864
10266 8650 3864
10263 8643 3866
10259 8634 3866
10254 8627 3866
10252 8620 3864
10246 8614 3862
10242 8608 3860
10240 8602 3860
10237 8596 3862
10236 8590 3868
10234 8584 3866
10232 8580 3866
10229 8576 3864
10228 8572 3858
10227 8568 3858
10225 8563 3856
10223 8559 3856
10220 8554 3860
10218 8549 3858
10215 8544 3858
10213 8538 3858
10213 8533 3854
10211 8529 3856
10209 8524 3856
10207 8519 3856
10204 8514 3858
10203 8510 3860
10202 8505 3860
10201 8500 3860
10199 8496 3858
10198 8491 3856
10197 8487 3856
10196 8482 3854
10196 8478 3862
10195 8473 3864
10194 8469 3864
10193 8464 3864
10191 8460 3854
10190 8456 3850
10190 8451 3850
10189 8447 3850
10189 8444 3852
10188 8439 3856
10187 8435 3856
10186 8430 3856
10186 8426 3856
10186 8421 3862
10185 8417 3862
10184 8413 3860
10182 8408 3862
10181 8403 3868
10180 8398 3868
10178 8392 3868
10177 8387 3868
10175 8382 3850
10174 8378 3852
10173 8374 3850
10173 8370 3850
10173 8366 3858
10172 8361 3856
10171 8356 3856
10170 8350 3854
10170 8344 3852
10169 8339 3854
10168 8332 3854
10165 8325 3856
10164 8318 3866
10163 8311 3864
10161 8304 3864
10160 8297 3866
10157 8290 3856
10155 8283 3858
10152 8276 3856
10150 8270 3854
10149 8263 3850
10147 8255 3848
10144 8248 3852
10142 8240 3852
10140 8232 3852
10139 8225 3848
10137 8218 3843
10136 8211 3839
10134 8204 3837
10131 8197 3829
10129 8191 3827
10126 8185 3825
10124 8179 3825
10122 8173 3831
10119 8165 3831
10115 8156 3827
10112 8149 3827
10108 8141 3844
10105 8132 3844
10101 8125 3850
10098 8117 3846
10095 8109 3850
10092 8101 3848
10089 8092 3843
10086 8085 3846
10083 8077 3817
10079 8068 3817
10076 8062 3819
10073 8053 3819
10067 8045 3823
10063 8036 3823
10059 8027 3823
10054 8018 3821
10051 8011 3819
10048 8003 3819
10044 7997 3819
10040 7990 3819
10036 7983 3821
10033 7977 3821
10030 7971 3821
10026 7964 3819
10025 7960 3823
10023 7953 3821
10021 7948 3819
10019 7942 3821
10016 7937 3815
10013 7931 3815
10010 7925 3817
10007 7919 3817
10004 7913 3817
10002 7907 3812
9999 7901 3813
9998 7895 3815
9996 7889 3815
9994 7885 3839
9991 7880 3839
9987 7874 3835
9985 7868 3835
9981 7862 3812
9979 7857 3812
9975 7850 3812
9973 7844 3813
9971 7837 3825
9968 7831 3821
9965 7825 3823
9962 7820 3821
9960 7814 3823
9956 7809 3823
9952 7801 3821
9948 7795 3819
9943 7787 3839
9939 7781 3841
9935 7774 3841
9932 7768 3843
9930 7761 3835
9927 7755 3833
9923 7749 3833
9919 7742 3833
9914 7736 3817
9911 7730 3817
9908 7724 3819
9906 7721 3819
9905 7717 3823
9903 7712 3823
9902 7710 3821
9899 7707 3819
9898 7704 3819
9898 7702 3825
9897 7698 3825
9895 7697 3825
9894 7694 3823
9892 7691 3829
9891 7686 3831
9890 7684 3833
9889 7680 3833
9888 7677 3815
9886 7672 3815
9886 7671 3817
9886 7669 3819
9886 7667 3821
9886 7666 3823
9886 7665 3825
9886 7662 3827
9882 7661 3844
9882 7660 3846
9882 7660 3850
9882 7660 3852
9884 7659 3854
9885 7658 3856
9885 7656 3858
9886 7655 3860
9886 7654 3860
9886 7652 3860
9886 7651 3862
9888 7648 3864
9890 7647 3862
9891 7646 3866
9892 7645 3866
9893 7642 3868
9893 7639 3868
9893 7636 3872
9895 7634 3872
9896 7632 3874
9898 7630 3877
9902 7628 3883
9904 7626 3887
9906 7623 3891
9909 7622 3895
9911 7619 3903
9914 7617 3905
9917 7614 3907
9920 7611 3907
9922 7609 3901
9924 7606 3903
9929 7603 3907
9932 7599 3909
9939 7597 3913
9943 7595 3916
9947 7593 3918
9950 7590 3922
9953 7586 3920
9958 7584 3920
9964 7581 3920
9970 7578 3920
9975 7575 3928
9983 7571 3926
9990 7568 3926
9997 7565 3926
10006 7563 3934
10013 7559 3936
10023 7557 3938
10032 7554 3938
10040 7552 3924
10049 7550 3920
10059 7548 3918
10069 7546 3916
10080 7545 3915
10089 7543 3918
10101 7540 3918
10112 7537 3918
10122 7533 3918
10133 7531 3915
10143 7528 3916
10152 7524 3916
10162 7520 3916
10171 7516 3920
10180 7512 3920
10189 7507 3922
10199 7504 3922
10209 7499 3930
10220 7495 3928
10231 7490 3928
10242 7484 3926
10253 7481 3903
10264 7477 3905
10274 7471 3907
10284 7468 3907
10292 7464 3934
10304 7461 3932
10315 7457 3930
10325 7453 3930
10337 7449 3920
10348 7444 3920
10360 7441 3920
10372 7438 3920
10383 7433 3920
10394 7431 3920
10406 7428 3922
10416 7425 3922
10427 7421 3918
10435 7418 3926
10444 7415 3924
10456 7411 3926
10466 7407 3928
10477 7406 3932
10487 7403 3932
10498 7400 3932
10510 7397 3932
10521 7393 3920
10533 7391 3922
10544 7388 3922
10553 7385 3922
10562 7382 3918
10570 7380 3918
10579 7377 3920
10588 7375 3920
10595 7372 3930
10604 7368 3932
10613 7366 3928
10622 7363 3928
10631 7359 3911
10640 7356 3907
10648 7354 3911
10658 7351 3913
10667 7349 3936
10674 7347 3942
10684 7344 3940
10693 7342 3940
10699 7340 3924
10710 7337 3922
10719 7335 3926
10728 7331 3924
10739 7330 3926
10749 7327 3934
10760 7324 3934
10769 7322 3934
10778 7318 3930
10786 7317 3926
10794 7315 3922
10803 7312 3922
10811 7310 3924
10818 7308 3920
10825 7306 3920
10831 7305 3920
10838 7303 3920
10846 7302 3924
10853 7299 3924
10860 7298 3926
10866 7296 3928
10872 7294 3936
10877 7293 3936
10884 7292 3938
10889 7292 3936
10896 7291 3922
10902 7290 3922
10909 7288 3920
10914 7287 3924
10920 7286 3932
10926 7285 3932
10932 7283 3934
10938 7282 3932
10945 7280 3926
10951 7279 3926
10958 7278 3926
10965 7277 3926
10972 7274 3926
10978 7272 3932
10987 7271 3928
10994 7270 3930
11001 7268 3930
11008 7267 3926
11014 7266 3926
11020 7266 3928
11026 7265 3930
11032 7264 3924
11037 7264 3926
11041 7263 3924
11047 7263 3922
11051 7262 3928
11054 7261 3930
11060 7260 3930
11066 7259 3926
11072 7260 3922
11078 7261 3916
11084 7262 3915
11091 7263 3913
11098 7263 3889
11104 7264 3889
11111 7264 3885
11117 7265 3885
11124 7266 3903
11131 7267 3899
11139 7269 3899
11147 7270 3899
11155 7272 3895
11163 7274 3893
11172 7277 3889
11180 7280 3887
11188 7283 3889
11198 7285 3883
11206 7288 3883
11214 7291 3883
11222 7293 3881
11228 7296 3883
11235 7299 3879
11243 7303 3877
11251 7306 3876
11258 7310 3901
11267 7314 3899
11274 7317 3899
11282 7323 3899
11290 7327 3877
11296 7330 3877
11304 7336 3872
11312 7340 3868
11319 7345 3864
11326 7351 3862
11333 7355 3862
11340 7361 3862
11346 7366 3864
11353 7372 3860
11359 7378 3858
11368 7385 3854
11377 7393 3860
11384 7401 3858
11394 7408 3858
11402 7416 3854
11409 7424 3841
11418 7431 3839
11426 7439 3837
11435 7446 3839
11443 7455 3837
11451 7464 3835
11460 7472 3835
11468 7481 3835
11476 7489 3837
11484 7496 3850
11492 7504 3850
11499 7509 3850
11507 7517 3850
11515 7525 3846
11523 7533 3846
11531 7540 3854
11537 7545 3860
11545 7551 3864
11552 7556 3870
11557 7560 3870
11562 7566 3870
11567 7572 3866
11573 7578 3866
11578 7584 3864
11583 7591 3866
11587 7596 3872
11593 7602 3872
11598 7609 3870
11603 7614 3870
11610 7620 3887
11615 7626 3889
11621 7632 3889
11625 7637 3887
11632 7644 3860
11637 7651 3858
11642 7657 3858
11646 7664 3858
11651 7670 3860
11655 7675 3858
11658 7681 3856
11661 7686 3854
11663 7692 3854
11666 7698 3862
11669 7703 3862
11672 7707 3862
11676 7711 3856
11680 7716 3846
11684 7722 3844
11689 7728 3844
11694 7735 3848
11699 7742 3848
11705 7749 3846
11711 7757 3846
11717 7764 3846
11723 7772 3846
11727 7780 3846
11734 7787 3846
11739 7793 3846
11743 7799 3843
11748 7807 3841
11752 7813 3843
11758 7822 3841
11763 7830 3852
11769 7837 3852
11774 7847 3852
11778 7855 3852
11784 7863 3837
11789 7871 3837
11793 7876 3837
11798 7884 3837
11803 7890 3837
11808 7898 3837
11814 7906 3839
11819 7913 3837
11825 7921 3844
11831 7927 3844
11836 7936 3844
11841 7944 3844
11844 7952 3843
11847 7961 3837
11851 7967 3835
11854 7975 3835
11859 7983 3833
11864 7989 3833
11867 7996 3831
11871 8002 3831
11874 8005 3831
11877 8011 3823
11879 8015 3823
11882 8018 3821
11885 8024 3821
11889 8029 3831
11893 8038 3829
11900 8048 3829
11904 8056 3829
11909 8066 3829
11915 8077 3829
11920 8087 3827
11926 8097 3827
11933 8106 3823
11938 8117 3823
11943 8126 3823
11949 8135 3821
11954 8142 3833
11959 8151 3833
11965 8160 3833
11969 8168 3835
11975 8176 3831
11980 8181 3833
11985 8188 3835
11989 8195 3833
11993 8202 3835
11998 8210 3833
12002 8218 3833
12006 8226 3833
12010 8235 3833
12015 8244 3837
12019 8252 3837
12023 8258 3837
12027 8265 3837
12029 8272 3846
12031 8277 3844
12036 8283 3844
12038 8288 3844
12040 8293 3829
12043 8299 3829
12044 8305 3829
12047 8310 3827
12050 8316 3833
12052 8322 3833
12054 8328 3831
12056 8334 3827
12057 8339 3823
12060 8345 3819
12061 8350 3815
12063 8355 3813
12064 8360 3821
12066 8365 3821
12068 8369 3819
12070 8374 3819
12070 8379 3806
12071 8383 3804
12074 8389 3806
12076 8394 3806
12079 8400 3806
12082 8406 3806
12085 8412 3804
12087 8419 3802
12089 8426 3802
12091 8433 3796
12094 8441 3796
12095 8448 3794
12099 8456 3794
12100 8462 3808
12102 8469 3808
12103 8475 3808
12105 8482 3806
12106 8490 3794
12108 8499 3794
12108 8509 3794
12109 8519 3794
12113 8528 3796
12115 8537 3796
12117 8546 3794
12119 8553 3794
12119 8560 3798
12120 8567 3796
12121 8575 3798
12124 8584 3798
12126 8592 3813
12128 8601 3812
12130 8610 3810
12133 8620 3812
12134 8630 3788
12138 8639 3787
12140 8648 3787
12142 8655 3785
12145 8663 3785
12146 8670 3785
12149 8677 3785
12151 8685 3783
12152 8693 3785
12155 8700 3781
12157 8708 3781
12158 8715 3781
12162 8724 3781
12166 8733 3790
12169 8745 3788
12171 8756 3788
12175 8767 3788
12178 8778 3785
12180 8788 3785
12183 8799 3787
12185 8808 3787
12185 8817 3788
12188 8825 3788
12190 8833 3788
12192 8841 3787
12194 8849 3788
12196 8858 3787
12196 8867 3787
12198 8876 3785
12203 8885 3781
12205 8895 3779
12207 8904 3779
12208 8913 3781
12209 8922 3779
12209 8931 3779
12212 8941 3779
12215 8952 3779
12216 8963 3783
12218 8974 3781
12220 8984 3781
12222 8994 3781
12225 9003 3781
12225 9012 3781
12227 9022 3781
12229 9031 3781
12232 9042 3781
12235 9052 3787
12238 9063 3787
12241 9075 3788
12244 9087 3788
12247 9099 3788
12250 9111 3788
12253 9124 3787
12256 9138 3785
12258 9152 3785
12260 9167 3785
12264 9179 3783
12266 9191 3785
12272 9201 3781
12274 9212 3781
12278 9223 3781
12280 9235 3783
12279 9247 3787
12281 9258 3785
12283 9268 3785
12285 9278 3785
12285 9288 3779
12288 9298 3777
12290 9307 3775
12291 9317 3775
12293 9326 3783
12295 9336 3785
12296 9347 3785
12298 9356 3783
12299 9367 3777
12301 9378 3777
12303 9389 3779
12305 9402 3781
12306 9414 3779
12307 9426 3775
12309 9437 3773
12311 9448 3763
12312 9458 3756
12316 9467 3750
12318 9476 3741
12319 9487 3744
12321 9498 3746
12322 9510 3744
12323 9521 3746
12324 9533 3744
12327 9544 3744
12329 9556 3754
12331 9567 3752
12333 9579 3752
12335 9592 3754
12336 9605 3746
12339 9619 3748
12341 9633 3748
12342 9645 3746
12341 9657 3737
12342 9668 3737
12343 9680 3737
12345 9692 3739
12346 9704 3737
12348 9715 3737
12348 9726 3735
12349 9737 3733
12349 9748 3737
12350 9760 3737
12352 9771 3737
12353 9785 3737
12355 9799 3742
12357 9812 3744
12358 9825 3744
12359 9837 3744
12359 9850 3741
12357 9862 3735
12358 9874 3735
12359 9887 3733
12360 9898 3735
12362 9911 3737
12362 9922 3737
12362 9935 3735
12363 9947 3735
12366 9960 3723
12366 9972 3723
12367 9985 3725
12368 9999 3723
12370 10013 3731
12371 10028 3733
12372 10044 3731
12374 10061 3731
12375 10077 3733
12378 10093 3731
12380 10108 3729
12381 10123 3727
12382 10138 3716
12384 10152 3716
12385 10168 3716
12386 10182 3718
12387 10195 3739
12387 10209 3739
12388 10222 3739
12388 10236 3737
12392 10249 3723
12392 10261 3721
12392 10272 3723
12393 10284 3723
12392 10295 3727
12393 10306 3725
12393 10317 3723
12393 10330 3723
12393 10341 3723
12393 10352 3714
12393 10363 3712
12393 10373 3712
12394 10385 3710
12394 10399 3731
12395 10414 3733
12395 10428 3731
12395 10443 3731
12395 10456 3716
12395 10470 3714
12395 10484 3712
12396 10499 3714
12396 10514 3720
12396 10529 3718
12396 10544 3718
12396 10559 3714
12396 10574 3712
12396 10588 3712
12396 10603 3712
12396 10617 3712
12398 10632 3712
12397 10646 3708
12397 10660 3706
12396 10674 3706
12395 10688 3712
12394 10702 3712
12393 10714 3712
12392 10727 3708
12390 10738 3697
12388 10749 3691
12387 10760 3691
12387 10772 3691
12387 10784 3693
12385 10796 3697
12384 10807 3695
12382 10817 3695
12379 10828 3693
12379 10839 3695
12377 10849 3695
12375 10860 3695
12374 10871 3693
12371 10883 3680
12370 10896 3680
12369 10908 3678
12367 10920 3681
12366 10931 3687
12365 10942 3685
12362 10952 3685
12361 10962 3683
12360 10972 3685
12358 10982 3683
12356 10992 3683
12354 11002 3683
12350 11012 3689
12349 11022 3687
12346 11033 3687
12344 11045 3687
12341 11056 3678
12339 11068 3678
12337 11079 3678
12336 11091 3680
12334 11103 3678
12331 11114 3678
12329 11126 3678
12327 11137 3678
12324 11149 3681
12323 11160 3683
12321 11171 3683
12318 11183 3683
12316 11193 3683
12314 11205 3681
12311 11216 3681
12309 11226 3681
12305 11237 3680
12303 11248 3678
12299 11257 3676
12298 11266 3672
12296 11274 3668
12294 11282 3678
12291 11293 3678
12289 11303 3678
12285 11313 3678
12283 11323 3668
12280 11333 3670
12277 11343 3668
12273 11353 3670
12272 11365 3668
12269 11374 3670
12266 11382 3674
12264 11390 3678
12259 11398 3678
12256 11407 3676
12253 11417 3676
12250 11427 3676
12247 11438 3687
12244 11450 3687
12241 11460 3687
12238 11473 3687
12234 11483 3680
12231 11494 3681
12229 11505 3681
12226 11518 3681
12222 11531 3685
12220 11545 3689
12217 11560 3689
12214 11574 3689
12209 11589 3687
12206 11605 3683
12204 11622 3683
12201 11640 3685
12198 11658 3687
12196 11676 3683
12194 11697 3683
12191 11716 3683
12189 11735 3681
12188 11754 3687
12184 11773 3687
12183 11792 3687
12181 11811 3687
12178 11828 3681
12176 11845 3681
12174 11864 3680
12171 11882 3680
12168 11899 3683
12166 11917 3681
12164 11933 3680
12162 11950 3680
12158 11967 3676
12157 11983 3676
12154 11998 3676
12151 12012 3683
12150 12024 3704
12146 12035 3712
12144 12047 3720
12141 12059 3720
12138 12071 3718
12134 12082 3720
12132 12095 3718
12128 12107 3718
12124 12117 3710
12120 12128 3708
12118 12138 3704
12114 12148 3704
12111 12158 3702
12108 12169 3706
12103 12178 3708
12098 12187 3708
12092 12195 3706
12086 12204 3699
12080 12212 3695
12076 12220 3689
12071 12227 3687
12067 12234 3695
12062 12242 3695
12057 12249 3695
12052 12257 3695
12047 12264 3691
12042 12272 3689
12036 12279 3689
12030 12287 3689
12023 12295 3697
12017 12302 3699
12012 12310 3699
12006 12318 3697
12000 12326 3689
11993 12334 3687
11989 12343 3689
11982 12351 3689
11978 12359 3683
11973 12368 3681
11967 12376 3681
11961 12384 3678
11954 12392 3695
11948 12399 3697
11943 12407 3695
11937 12415 3695
11933 12422 3695
11927 12430 3697
11922 12438 3697
11917 12445 3697
11911 12453 3681
11905 12459 3676
11901 12466 3674
11896 12472 3672
11891 12479 3674
11885 12487 3670
11879 12494 3672
11874 12501 3674
11869 12509 3674
11865 12516 3672
11860 12523 3670
11854 12529 3670
11850 12535 3668
11845 12541 3670
11840 12547 3672
11834 12552 3672
11828 12559 3672
11820 12564 3674
11814 12570 3676
11808 12576 3678
11802 12582 3678
11800 12588 3678
11794 12593 3676
11789 12599 3674
11785 12603 3674
11777 12610 3683
11772 12615 3683
11766 12622 3685
11761 12627 3685
11757 12633 3683
11752 12638 3683
11747 12643 3681
11743 12649 3683
11738 12654 3678
11734 12659 3676
11728 12663 3672
11724 12666 3672
11719 12671 3668
11712 12676 3670
11707 12681 3672
11701 12686 3674
11697 12691 3676
11694 12696 3680
11689 12700 3680
11684 12706 3680
11677 12710 3681
11673 12715 3674
11667 12720 3674
11662 12724 3674
11658 12729 3672
11653 12734 3683
11648 12739 3683
11643 12744 3683
11637 12749 3683
11632 12754 3676
11626 12759 3676
11622 12764 3676
11617 12768 3678
11611 12773 3674
11607 12778 3676
11603 12783 3676
11598 12788 3674
11594 12793 3678
11588 12800 3680
11584 12806 3683
11580 12813 3683
11575 12819 3680
11572 12826 3680
11568 12831 3678
11563 12838 3678
11561 12844 3691
11557 12850 3693
11553 12855 3695
11549 12860 3697
11544 12866 3691
11541 12871 3691
11536 12878 3689
11532 12884 3689
11529 12890 3689
11526 12895 3693
11521 12901 3695
11517 12907 3695
11511 12913 3693
11507 12919 3685
11503 12925 3687
11498 12931 3685
11495 12937 3687
11492 12943 3695
11488 12948 3695
11483 12954 3695
11479 12960 3693
11474 12965 3687
11472 12971 3685
11469 12979 3685
11465 12986 3687
11463 12993 3697
11460 13000 3699
11457 13006 3699
11454 13013 3699
11448 13019 3714
11446 13027 3716
11442 13034 3716
11438 13042 3716
11434 13048 3708
11431 13055 3706
11428 13060 3704
11425 13067 3702
11422 13073 3689
11420 13080 3685
11416 13086 3685
11412 13094 3683
11408 13101 3678
11405 13107 3681
11401 13113 3680
11397 13119 3681
11393 13126 3681
11390 13131 3681
11385 13138 3681
11382 13144 3680
11378 13152 3681
11374 13160 3697
11370 13165 3695
11366 13173 3695
11362 13180 3693
11359 13186 3689
11355 13192 3687
11351 13198 3685
11347 13205 3683
11343 13210 3664
11340 13215 3664
11336 13223 3664
11332 13230 3664
11329 13237 3668
11325 13244 3672
11320 13252 3670
11317 13260 3674
11312 13267 3676
11307 13275 3674
11303 13283 3674
11299 13289 3672
11295 13296 3683
11291 13302 3689
11288 13308 3693
11283 13314 3697
11280 13319 3680
11276 13327 3678
11272 13333 3678
11268 13339 3680
11263 13346 3683
11258 13352 3683
11255 13359 3681
11251 13365 3680
11248 13373 3680
11244 13379 3685
11240 13386 3685
11236 13392 3685
11232 13398 3685
11227 13404 3687
11224 13409 3687
11219 13415 3685
11217 13419 3685
11215 13425 3689
11211 13431 3689
11206 13437 3689
11204 13441 3687
11199 13446 3668
11196 13452 3666
11193 13457 3668
11191 13461 3670
11191 13466 3680
11189 13471 3681
11186 13475 3683
11184 13479 3683
11180 13485 3683
11178 13489 3685
11176 13494 3685
11174 13498 3689
11171 13504 3674
11168 13511 3676
11167 13517 3678
11164 13523 3680
11164 13529 3710
11162 13536 3710
11160 13540 3714
11158 13544 3716
11155 13548 3706
11154 13552 3708
11153 13556 3706
11152 13560 3708
11151 13564 3708
11151 13568 3708
11150 13575 3712
11150 13579 3714
11150 13585 3716
11149 13590 3725
11149 13594 3729
11149 13600 3729
11149 13606 3733
11148 13612 3720
11148 13617 3721
11149 13623 3725
11149 13627 3727
11148 13631 3742
11149 13635 3744
11149 13638 3748
11149 13641 3750
11152 13643 3752
11152 13646 3758
11153 13648 3762
11153 13650 3769
11153 13652 3781
11154 13652 3787
11154 13654 3794
11155 13656 3802
11156 13656 3825
11158 13658 3831
11160 13660 3839
11161 13661 3844
11162 13663 3839
11163 13664 3844
11164 13666 3852
11166 13667 3858
11168 13669 3854
11168 13670 3862
11171 13673 3870
11173 13675 3874
11174 13677 3879
11176 13679 3879
11178 13683 3887
11181 13686 3895
11182 13689 3905
11185 13691 3909
11187 13694 3916
11189 13696 3926
11191 13700 3936
11193 13702 3946
11196 13704 3954
11198 13706 3962
11201 13708 3966
11201 13712 3975
11202 13715 3977
11204 13718 3979
11206 13720 3983
11210 13723 3987
11212 13725 3989
11214 13729 3987
11216 13731 3987
11219 13735 3983
11222 13739 3983
11224 13742 3985
11226 13746 3985
11227 13750 3983
11231 13754 3985
11234 13758 3985
11237 13762 3985
11241 13766 3999
11244 13771 3999
11248 13777 4003
11251 13783 4005
11254 13788 3997
11257 13795 3993
11262 13800 3991
11266 13808 3991
11270 13818 3993
11276 13827 4001
11281 13836 4001
11285 13845 3999
11290 13854 3995
11295 13864 3997
11301 13874 3997
11306 13885 3999
11309 13894 4003
11315 13900 4013
11318 13906 4013
11321 13913 4017
11325 13920 4019
11329 13925 4001
11332 13931 4003
11334 13937 4007
11339 13941 4011
11339 13946 4019
11343 13951 4021
11346 13956 4023
11350 13962 4023
11356 13967 4033
11359 13972 4037
11361 13974 4041
11363 13977 4045
11364 13981 4061
11366 13983 4065
11369 13986 4067
11371 13988 4073
11372 13991 4061
11375 13993 4061
11377 13996 4065
11379 13998 4069
11381 13999 4069
11383 14001 4075
11384 14003 4083
11387 14006 4091
11391 14008 4095
11392 14008 4095
11394 14010 4095
11396 14011 4095
11397 14012 4095
11399 14014 4095
11401 14015 4095
11403 14017 4095
11405 14018 4095
11407 14019 4095
11409 14020 4095
11412 14022 4095
11416 14024 4095
11421 14025 4095
11423 14027 4095
11426 14029 4095
11428 14031 4095
11431 14033 4095
11433 14035 4095
11435 14035 4095
11438 14037 4095
11440 14038 4095
11442 14039 4095
11444 14040 4095
11446 14041 4095
11447 14042 4095
11448 14043 4095
11451 14044 4095
11452 14046 4095
11453 14047 4095
11455 14048 4095
11456 14050 4095
11457 14050 4095
11460 14051 4095
11460 14052 4095
11461 14054 4095
11463 14054 4095
11463 14056 4095
11464 14056 4095
11465 14056 4095
11466 14056 4095
11468 14058 4095
11468 14056 4049
11465 14056 3969
11465 14056 3843
11465 14056 3674
11465 14056 3480
11466 14054 3223
11465 14053 2849
11465 14051 2256
11465 14050 1445
11465 14046 396
11465 14046 0
11465 14046 0
11476 14053 0
11477 14054 0
11489 14051 0
11497 14046 0
11503 14041 0
11512 14031 0
11521 14024 0
11529 14014 0
11537 14002 0
11543 13996 0
11549 13974 0
11558 13956 0
11572 13937 0
11586 13920 0
1712 485 0
