eink
1
0,0
4074 6562 0
4072 6562 0
4072 6562 0
4071 6562 0
4071 6562 0
4070 6562 0
4068 6562 0
4064 6562 0
4059 6562 0
4057 6562 0
4052 6562 0
4049 6562 0
4045 6563 0
4041 6563 0
4039 6564 0
4036 6564 0
4032 6566 0
4028 6567 0
4026 6568 0
4025 6570 0
4023 6572 0
4023 6574 0
4021 6576 0
4021 6578 0
4021 6580 0
4021 6581 0
4023 6584 0
4024 6586 0
4024 6589 0
4025 6593 0
4026 6597 0
4026 6600 0
4027 6603 0
4028 6606 0
4030 6610 0
4031 6614 0
4032 6619 0
4033 6623 0
4033 6627 0
4033 6631 0
4034 6635 0
4036 6642 0
4037 6648 0
4038 6655 0
4039 6660 0
4039 6667 0
4040 6672 0
4043 6677 0
4044 6682 0
4045 6685 0
4046 6689 0
4047 6693 0
4050 6696 0
4051 6699 0
4052 6702 0
4052 6704 0
4053 6706 0
4055 6708 0
4056 6710 0
4057 6712 0
4058 6714 0
4059 6716 0
4060 6719 0
4063 6720 0
4064 6722 0
4064 6723 0
4066 6724 0
4068 6726 0
4070 6727 0
4071 6729 0
4071 6730 0
4074 6731 0
4075 6732 0
4076 6733 0
4077 6734 0
4077 6735 0
4078 6736 0
4079 6737 0
4079 6738 0
4081 6739 0
4081 6740 0
4082 6740 0
4082 6741 0
4082 6743 0
4082 6744 0
4082 6745 0
4082 6746 0
4081 6745 0
4079 6744 0
4079 6743 0
4078 6741 0
4078 6740 0
4077 6739 0
4077 6737 0
4076 6736 0
4076 6735 0
4075 6733 0
4074 6733 0
4072 6732 0
4071 6731 0
4071 6730 0
4070 6728 0
4070 6727 0
4068 6724 0
4065 6722 0
4064 6720 0
4063 6719 0
4062 6716 0
4062 6714 0
4060 6713 0
4059 6712 0
4058 6710 0
4058 6709 0
4058 6708 0
4058 6707 0
4058 6705 0
4059 6699 0
4060 6696 0
4062 6694 0
4064 6689 0
4064 6686 0
4066 6683 0
4069 6671 0
4068 6671 0
4068 6671 0
4068 6671 0
4065 6672 583
4064 6672 722
4062 6672 824
4062 6672 909
4062 6672 868
4063 6671 831
4064 6670 811
4064 6670 800
4065 6670 929
4065 6670 1084
4066 6671 1256
4065 6671 1426
4066 6671 1607
4066 6671 1796
4066 6671 1990
4068 6671 2187
4068 6672 2368
4069 6672 2538
4069 6672 2701
4069 6672 2846
4069 6673 2970
4069 6673 3077
4069 6673 3156
4069 6673 3208
4070 6672 3246
4070 6672 3272
4070 6673 3289
4069 6673 3350
4070 6674 3434
4070 6674 3528
4070 6674 3627
4071 6674 3685
4071 6675 3716
4071 6675 3739
4071 6675 3769
4071 6675 3817
4071 6675 3862
4071 6675 3905
4071 6675 3946
4071 6674 3985
4071 6675 4045
4072 6675 4095
4074 6674 4095
4074 6675 4095
4074 6676 4095
4072 6676 4095
4071 6678 4095
4071 6677 4095
4072 6677 4095
4072 6678 4095
4074 6678 4095
4075 6678 4095
4077 6679 4095
4078 6682 4095
4084 6685 4095
4093 6691 4095
4100 6700 4095
4107 6708 4095
4113 6719 4095
4117 6729 4095
4122 6738 4095
4129 6749 4095
4136 6758 4095
4144 6769 4095
4152 6780 4095
4160 6790 4095
4168 6803 4095
4178 6815 4095
4190 6830 4095
4201 6843 4095
4213 6858 4095
4225 6874 4095
4238 6889 4095
4253 6908 4095
4267 6927 4095
4282 6944 4095
4300 6964 4095
4318 6987 4095
4338 7012 4095
4359 7038 4095
4376 7064 4095
4395 7090 4095
4412 7115 4095
4430 7140 4095
4449 7166 4095
4468 7193 4095
4489 7221 4095
4511 7252 4095
4533 7283 4095
4555 7314 4095
4577 7345 4095
4600 7377 4095
4623 7407 4095
4648 7441 4095
4676 7476 4095
4704 7514 4095
4736 7555 4095
4768 7596 4095
4797 7641 4095
4827 7685 4095
4856 7731 4095
4884 7776 4095
4913 7823 4095
4944 7871 4095
4974 7919 4095
5002 7967 4095
5034 8016 4095
5063 8065 4095
5095 8114 4095
5133 8163 4095
5167 8215 4095
5201 8268 4095
5236 8322 4095
5269 8376 4095
5306 8432 4095
5344 8490 4095
5382 8547 4095
5419 8606 4095
5456 8664 4095
5494 8723 4095
5531 8782 4095
5571 8841 4095
5612 8901 4095
5653 8962 4095
5695 9023 4095
5735 9085 4095
5774 9149 4095
5816 9213 4095
5856 9275 4095
5898 9336 4095
5938 9395 4095
5980 9451 4095
6022 9509 4095
6066 9565 4095
6111 9623 4095
6157 9680 4095
6202 9736 4095
6247 9794 4095
6292 9851 4095
6337 9909 4095
6383 9967 4095
6431 10024 4095
6479 10082 4095
6528 10140 4095
6577 10197 4095
6627 10254 4095
6676 10310 4095
6727 10367 4095
6777 10426 4095
6827 10484 4095
6876 10540 4095
6925 10596 4095
6974 10647 4095
7024 10701 4095
7074 10754 4095
7123 10807 4095
7174 10858 4095
7224 10909 4095
7272 10957 4095
7322 11005 4095
7368 11054 4095
7418 11103 4095
7467 11153 4095
7518 11202 4095
7569 11252 4095
7622 11303 4095
7674 11355 4095
7729 11409 4095
7780 11460 4095
7831 11511 4095
7881 11560 4095
7926 11608 4095
7977 11654 4095
8029 11701 4095
8081 11749 4095
8135 11796 4095
8188 11843 4095
8240 11890 4095
8295 11938 4095
8349 11988 4095
8407 12040 4095
8463 12091 4095
8517 12140 4095
8571 12189 4095
8625 12238 4095
8677 12285 4095
8729 12334 4095
8780 12381 4095
8830 12427 4095
8879 12472 4095
8927 12514 4095
8974 12555 4095
9022 12594 4095
9069 12633 4095
9117 12671 4095
9164 12709 4095
9212 12746 4095
9259 12783 4095
9305 12822 4095
9349 12859 4095
9391 12895 4095
9435 12931 4095
9476 12965 4095
9517 13000 4095
9558 13034 4095
9597 13067 4095
9635 13100 4095
9673 13131 4095
9711 13161 4095
9752 13192 4095
9791 13221 4095
9829 13250 4095
9868 13281 4095
9903 13311 4095
9939 13340 4095
9975 13371 4095
10009 13402 4095
10042 13430 4095
10075 13459 4095
10108 13487 4095
10140 13514 4095
10175 13542 4095
10208 13569 4095
10240 13598 4095
10271 13625 4095
10300 13652 4095
10330 13681 4095
10359 13710 4095
10388 13738 4095
10418 13764 4095
10445 13789 4095
10475 13812 4095
10503 13836 4095
10529 13859 4095
10555 13883 4095
10578 13906 4095
10601 13927 4095
10623 13949 4095
10646 13969 4095
10667 13988 4095
10686 14006 4095
10705 14025 4095
10724 14043 4095
10741 14058 4095
10756 14074 4095
10771 14088 4095
10783 14101 4095
10796 14115 4095
10810 14129 4095
10824 14145 4095
10839 14160 4095
10851 14176 4095
10863 14190 4095
10874 14203 4095
10881 14215 4095
10891 14226 4095
10898 14235 4095
10904 14245 4095
10910 14253 4095
10914 14258 4095
10921 14265 4095
10925 14269 4095
10930 14273 4095
10934 14276 4095
10937 14279 4095
10939 14280 4095
10940 14282 4095
10943 14285 4095
10945 14285 4095
10947 14287 4095
10947 14287 4095
10948 14287 4095
10948 14287 4095
10949 14289 4095
10950 14289 4095
10950 14289 4095
10952 14289 4095
10953 14291 4095
10955 14291 4095
10952 14292 4095
10953 14292 4095
10955 14292 4095
10957 14293 4095
10958 14293 4095
10959 14294 4095
10960 14295 4095
10960 14296 4095
10960 14297 4095
10962 14297 4095
10964 14297 4095
10965 14297 4095
10965 14298 4095
10965 14298 4095
10964 14298 4095
10965 14298 4095
10965 14298 4095
10965 14298 4095
10965 14299 4095
10963 14299 4095
10962 14299 4095
10964 14299 4095
10964 14300 4095
10965 14301 4095
10965 14301 4095
10968 14301 4095
10969 14302 4095
10970 14303 4095
10970 14304 4095
10972 14304 4095
10974 14304 4095
10976 14306 4095
10978 14307 4095
10980 14310 4095
10983 14314 4095
10986 14316 4095
10988 14319 4095
10989 14322 4095
10991 14324 4095
10995 14327 4095
10998 14329 4095
11003 14331 4095
11006 14335 4095
11010 14339 4095
11015 14345 4095
11021 14349 4095
11026 14354 4095
11032 14358 4095
11036 14362 4095
11038 14368 4095
11042 14372 4095
11048 14376 4095
11054 14380 4095
11063 14387 4095
11072 14394 4095
11080 14401 4095
11090 14407 4095
11098 14412 4095
11105 14418 4095
11115 14423 4095
11124 14429 4095
11135 14435 4095
11146 14443 4095
11158 14452 4095
11167 14459 4095
11172 14466 4095
11177 14473 4095
11181 14478 4095
11186 14482 4095
11190 14485 4095
11192 14489 4095
11193 14491 4095
11196 14494 4095
11198 14496 4095
11202 14498 4095
11204 14500 4095
11206 14502 4095
11206 14504 4095
11207 14506 4095
11207 14507 4095
11210 14507 4095
11207 14507 4095
11206 14507 4095
11206 14506 4095
11206 14505 4095
11206 14505 4095
11205 14504 4095
11204 14503 4095
11203 14502 4095
11201 14501 4095
11199 14500 4095
11194 14498 4095
11189 14496 4095
11180 14491 3940
11167 14483 3680
11151 14473 3323
11130 14459 2817
11105 14444 2109
11080 14424 979
11080 14424 0
11080 14424 0
11054 14401 0
11041 14387 0
11033 14379 0
11007 14352 0
10986 14330 0
10975 14321 0
10956 14304 0
10934 14283 0
10921 14273 0
10907 14262 0
10892 14250 0
10879 14244 0
10858 14233 0
10838 14220 0
10820 14205 0
10803 14194 0
10786 14180 0
1937 334 0
