eink
1
0,0
11029 2741 0
11031 2740 0
11031 2740 0
11032 2740 0
11034 2739 0
11036 2738 0
11038 2737 0
11040 2737 0
11042 2736 0
11047 2735 0
11050 2735 0
11054 2734 0
11059 2734 0
11064 2733 0
11070 2733 0
11076 2733 0
11083 2733 0
11089 2734 0
11097 2735 0
11105 2737 0
11116 2739 0
11126 2741 0
11136 2743 0
11146 2744 0
11155 2747 0
11166 2750 0
11176 2753 0
11186 2757 0
11196 2760 0
11205 2763 0
11214 2767 0
11222 2769 0
11230 2773 0
11237 2776 0
11244 2781 0
11250 2784 0
11257 2787 0
11264 2790 0
11270 2793 0
11282 2798 0
11292 2803 0
11300 2809 0
11306 2812 0
11312 2815 0
11317 2818 0
11320 2820 0
11325 2822 0
11328 2824 0
11332 2826 0
11334 2828 0
11337 2830 0
11340 2833 0
11343 2835 0
11346 2837 0
11349 2839 0
11352 2841 0
11357 2843 0
11362 2846 0
11369 2849 0
11375 2852 0
11382 2855 0
11390 2859 0
11397 2861 0
11403 2864 0
11409 2866 0
11415 2867 0
11420 2868 0
11425 2869 0
11429 2870 0
11433 2871 0
11436 2871 0
11440 2871 0
11443 2871 0
11445 2871 0
11447 2870 0
11448 2869 0
11450 2868 0
11451 2867 0
11453 2867 0
11454 2866 0
11455 2865 0
11456 2864 0
11457 2864 0
11458 2863 0
11459 2863 0
11459 2862 0
11460 2861 0
11460 2860 0
11460 2860 0
11460 2859 0
11460 2858 0
11460 2857 0
11461 2855 0
11461 2854 0
11463 2854 0
11464 2854 0
11465 2854 0
11466 2854 0
11467 2854 0
11469 2855 0
11471 2855 0
11473 2857 0
11477 2859 0
11483 2862 0
11486 2864 0
11490 2866 0
11493 2869 0
11497 2871 0
11501 2874 0
11504 2878 0
11508 2882 0
11511 2885 0
11514 2889 0
11518 2892 0
11521 2896 0
11524 2898 0
11527 2900 0
11531 2902 0
11549 2896 0
11550 2896 0
11550 2896 0
11553 2896 7
11555 2894 14
11557 2892 26
11558 2891 43
11559 2891 61
11559 2890 78
11559 2890 83
11559 2891 83
11559 2891 80
11559 2891 76
11559 2891 83
11558 2891 102
11558 2891 138
11558 2890 180
11558 2890 225
11558 2890 255
11558 2890 265
11557 2890 261
11557 2890 257
11557 2890 254
11557 2890 256
11557 2890 262
11557 2890 270
11556 2890 282
11556 2890 297
11556 2890 313
11557 2890 330
11557 2890 348
11556 2890 366
11557 2890 382
11557 2890 400
11556 2891 417
11556 2890 437
11556 2891 459
11555 2891 479
11554 2891 500
11553 2891 521
11552 2891 543
11549 2892 567
11548 2892 588
11545 2892 607
11542 2893 623
11540 2894 636
11536 2896 654
11533 2896 672
11529 2897 690
11524 2899 714
11520 2900 738
11514 2901 774
11508 2902 811
11499 2904 841
11493 2905 869
11485 2909 887
11479 2911 903
11472 2913 923
11464 2915 943
11458 2917 965
11450 2919 988
11443 2921 1007
11435 2922 1021
11428 2924 1033
11420 2926 1045
11412 2928 1064
11404 2930 1086
11397 2934 1105
11389 2937 1119
11382 2939 1134
11374 2941 1153
11366 2943 1173
11357 2945 1195
11347 2947 1215
11339 2949 1236
11330 2951 1259
11321 2954 1292
11312 2957 1321
11303 2960 1345
11294 2962 1364
11286 2963 1377
11278 2965 1389
11269 2968 1405
11260 2971 1423
11250 2973 1441
11241 2974 1468
11232 2976 1493
11222 2977 1515
11213 2979 1537
11203 2981 1558
11192 2984 1575
11181 2986 1592
11172 2988 1605
11163 2991 1616
11155 2992 1630
11147 2993 1645
11138 2994 1663
11130 2996 1685
11121 2997 1709
11113 2998 1730
11105 2999 1753
11096 3001 1773
11088 3003 1788
11079 3004 1806
11072 3005 1821
11064 3007 1834
11057 3009 1853
11049 3010 1868
11041 3011 1883
11034 3012 1887
11026 3014 1899
11018 3016 1914
11009 3018 1930
11000 3019 1950
10990 3020 1961
10983 3022 1973
10973 3023 1993
10964 3026 2017
10953 3028 2035
10944 3030 2049
10935 3032 2055
10927 3035 2056
10919 3037 2059
10911 3039 2066
10901 3041 2077
10891 3043 2107
10881 3045 2125
10870 3047 2142
10861 3048 2151
10851 3049 2146
10844 3050 2154
10836 3051 2158
10826 3052 2168
10819 3054 2171
10810 3055 2178
10803 3056 2189
10796 3057 2196
10788 3060 2202
10783 3062 2208
10777 3063 2212
10770 3064 2218
10762 3066 2228
10755 3067 2236
10746 3068 2246
10736 3070 2259
10728 3070 2274
10717 3072 2286
10707 3072 2294
10698 3073 2300
10689 3074 2303
10683 3075 2304
10674 3076 2307
10667 3077 2313
10658 3079 2322
10647 3080 2333
10637 3081 2346
10626 3081 2358
10615 3082 2369
10605 3082 2377
10595 3083 2381
10584 3083 2386
10575 3084 2393
10563 3084 2401
10552 3084 2407
10540 3086 2416
10529 3086 2424
10517 3084 2432
10507 3084 2440
10499 3084 2443
10491 3084 2444
10486 3086 2444
10479 3084 2453
10472 3084 2455
10465 3084 2466
10457 3084 2475
10450 3084 2478
10441 3086 2483
10434 3084 2486
10428 3084 2486
10421 3086 2491
10415 3086 2492
10409 3086 2495
10402 3086 2497
10394 3084 2503
10387 3083 2509
10379 3083 2508
10371 3082 2516
10365 3082 2511
10358 3082 2513
10353 3082 2514
10348 3082 2516
10343 3082 2524
10338 3082 2527
10334 3081 2530
10328 3081 2531
10321 3081 2528
10314 3081 2533
10305 3081 2538
10298 3081 2541
10291 3080 2542
10284 3080 2544
10278 3080 2544
10271 3079 2547
10266 3078 2549
10259 3078 2549
10252 3078 2550
10245 3078 2552
10238 3077 2554
10229 3077 2555
10223 3076 2558
10215 3076 2560
10208 3076 2565
10200 3075 2568
10191 3075 2568
10184 3075 2569
10176 3075 2565
10169 3074 2569
10161 3074 2576
10153 3074 2580
10146 3074 2588
10136 3074 2588
10127 3074 2590
10119 3074 2588
10110 3074 2590
10101 3074 2595
10091 3074 2596
10082 3074 2601
10072 3073 2603
10063 3073 2603
10054 3073 2606
10046 3073 2606
10038 3072 2608
10034 3072 2606
10028 3072 2606
10022 3072 2606
10016 3071 2606
10009 3071 2608
9999 3071 2609
9988 3070 2612
9979 3069 2612
9969 3068 2612
9959 3067 2612
9949 3067 2612
9939 3066 2614
9927 3065 2619
9914 3064 2622
9901 3062 2625
9886 3060 2627
9873 3057 2632
9860 3055 2635
9850 3053 2636
9839 3052 2640
9828 3050 2640
9818 3049 2641
9808 3048 2641
9797 3046 2641
9786 3045 2638
9775 3044 2638
9763 3043 2638
9752 3042 2638
9742 3042 2638
9732 3041 2638
9721 3040 2638
9713 3039 2638
9704 3038 2636
9695 3038 2635
9686 3038 2635
9676 3038 2633
9665 3038 2633
9653 3037 2633
9642 3037 2633
9630 3037 2632
9619 3037 2633
9606 3037 2640
9593 3037 2638
9580 3036 2640
9568 3036 2640
9555 3035 2633
9545 3035 2633
9536 3033 2635
9527 3033 2633
9518 3032 2636
9508 3032 2638
9497 3031 2633
9486 3031 2633
9475 3031 2625
9465 3030 2628
9454 3030 2628
9441 3029 2630
9431 3028 2628
9419 3028 2627
9406 3028 2628
9394 3028 2625
9381 3028 2636
9369 3027 2633
9357 3027 2630
9344 3026 2632
9333 3026 2622
9320 3026 2624
9307 3026 2625
9292 3026 2622
9276 3026 2622
9260 3027 2620
9245 3027 2620
9230 3027 2624
9216 3027 2627
9203 3027 2625
9188 3026 2624
9173 3026 2619
9159 3025 2616
9145 3025 2628
9131 3024 2628
9118 3024 2630
9104 3023 2632
9090 3023 2624
9075 3023 2625
9059 3023 2627
9042 3023 2627
9025 3022 2625
9008 3022 2625
8991 3021 2625
8975 3021 2625
8959 3020 2625
8945 3020 2627
8929 3019 2625
8913 3019 2625
8898 3019 2617
8883 3018 2609
8868 3017 2604
8853 3017 2601
8837 3016 2603
8821 3016 2601
8805 3016 2598
8787 3015 2598
8770 3015 2596
8754 3014 2595
8738 3014 2593
8723 3014 2593
8709 3014 2595
8692 3014 2598
8677 3014 2598
8661 3015 2596
8645 3014 2588
8629 3015 2584
8612 3015 2582
8595 3015 2579
8578 3016 2576
8565 3016 2576
8551 3016 2573
8538 3016 2573
8524 3016 2573
8510 3016 2576
8496 3016 2574
8482 3016 2573
8467 3017 2571
8451 3017 2563
8437 3018 2565
8423 3018 2563
8409 3018 2565
8396 3018 2568
8382 3018 2565
8369 3018 2565
8356 3018 2561
8341 3019 2561
8326 3020 2560
8311 3022 2558
8296 3023 2558
8284 3023 2557
8271 3024 2555
8257 3026 2550
8242 3028 2549
8225 3030 2546
8210 3031 2542
8195 3033 2541
8179 3036 2538
8165 3038 2541
8149 3040 2539
8131 3042 2539
8116 3043 2539
8100 3044 2531
8081 3046 2533
8063 3048 2533
8043 3049 2533
8025 3049 2533
8006 3051 2533
7988 3052 2531
7967 3053 2530
7948 3053 2531
7928 3053 2530
7909 3053 2530
7889 3053 2530
7871 3053 2527
7851 3053 2527
7835 3053 2527
7818 3053 2527
7799 3053 2527
7783 3053 2513
7765 3053 2508
7749 3053 2506
7733 3054 2506
7718 3054 2520
7702 3055 2522
7687 3056 2522
7674 3057 2519
7662 3060 2514
7651 3062 2509
7641 3063 2506
7631 3065 2503
7620 3066 2500
7609 3068 2495
7598 3070 2495
7590 3072 2494
7578 3074 2494
7569 3076 2495
7560 3078 2489
7553 3080 2483
7546 3082 2472
7539 3084 2471
7531 3087 2472
7521 3090 2475
7511 3093 2494
7504 3096 2500
7494 3099 2502
7484 3100 2506
7477 3101 2502
7468 3103 2500
7459 3105 2502
7453 3107 2500
7444 3111 2503
7439 3113 2503
7430 3116 2505
7420 3119 2502
7412 3122 2499
7401 3124 2499
7391 3126 2500
7380 3128 2503
7370 3131 2502
7361 3134 2505
7350 3137 2502
7339 3140 2500
7328 3143 2502
7317 3146 2506
7306 3149 2506
7298 3150 2505
7290 3153 2500
7280 3156 2489
7272 3158 2486
7262 3162 2486
7253 3165 2488
7243 3168 2491
7235 3171 2492
7226 3174 2491
7217 3176 2491
7206 3179 2488
7199 3182 2486
7190 3185 2485
7181 3189 2485
7174 3192 2491
7164 3195 2491
7154 3199 2491
7147 3201 2489
7139 3204 2480
7132 3208 2478
7125 3213 2477
7116 3217 2477
7107 3221 2483
7099 3225 2483
7088 3229 2483
7078 3234 2483
7070 3240 2478
7060 3245 2475
7051 3250 2469
7043 3254 2467
7035 3260 2458
7025 3267 2457
7015 3273 2457
7007 3277 2450
6999 3282 2449
6992 3287 2440
6983 3294 2433
6974 3299 2433
6963 3305 2430
6954 3312 2440
6943 3320 2438
6933 3327 2436
6923 3332 2433
6914 3340 2427
6907 3347 2424
6898 3353 2423
6889 3360 2424
6881 3368 2426
6872 3376 2429
6863 3383 2427
6855 3392 2429
6846 3400 2429
6836 3407 2424
6829 3417 2420
6822 3425 2415
6815 3432 2406
6808 3442 2401
6799 3451 2401
6793 3460 2400
6785 3470 2407
6778 3479 2404
6771 3487 2398
6764 3498 2390
6756 3506 2377
6749 3517 2371
6742 3527 2368
6734 3537 2363
6728 3548 2352
6721 3558 2343
6715 3570 2331
6708 3582 2325
6701 3596 2325
6693 3609 2325
6685 3624 2325
6680 3637 2316
6676 3651 2312
6670 3665 2310
6667 3679 2298
6662 3692 2289
6657 3707 2274
6656 3718 2265
6653 3733 2267
6650 3746 2270
6646 3760 2271
6644 3775 2270
6641 3789 2270
6638 3806 2268
6635 3820 2265
6631 3836 2261
6629 3851 2255
6626 3866 2256
6622 3884 2256
6619 3901 2271
6616 3917 2274
6613 3933 2273
6611 3947 2271
6607 3963 2247
6605 3979 2244
6602 3994 2241
6597 4012 2240
6593 4029 2243
6590 4046 2244
6587 4064 2247
6583 4082 2246
6581 4098 2249
6580 4116 2246
6578 4133 2241
6576 4147 2239
6574 4164 2231
6571 4180 2225
6569 4196 2225
6568 4215 2225
6567 4233 2228
6566 4251 2234
6565 4270 2234
6565 4288 2231
6565 4306 2231
6564 4323 2228
6565 4341 2227
6566 4357 2228
6567 4372 2230
6567 4389 2225
6567 4404 2225
6568 4422 2224
6568 4440 2222
6570 4455 2233
6571 4473 2233
6573 4489 2233
6573 4504 2231
6573 4520 2227
6574 4536 2225
6574 4549 2225
6575 4565 2224
6575 4578 2218
6575 4594 2218
6576 4607 2218
6576 4623 2219
6578 4639 2224
6579 4654 2230
6579 4672 2231
6580 4688 2233
6579 4703 2237
6580 4720 2237
6582 4735 2241
6583 4751 2240
6584 4765 2233
6586 4778 2237
6586 4792 2234
6588 4804 2234
6589 4818 2236
6590 4831 2227
6592 4844 2225
6593 4855 2221
6593 4867 2218
6595 4877 2216
6597 4887 2213
6600 4899 2216
6602 4909 2218
6603 4922 2219
6605 4933 2222
6606 4945 2222
6608 4955 2222
6609 4966 2221
6611 4977 2219
6613 4986 2221
6615 4997 2218
6617 5006 2222
6618 5013 2218
6619 5022 2213
6620 5031 2213
6620 5041 2206
6621 5050 2209
6622 5058 2212
6624 5068 2213
6626 5076 2212
6626 5084 2211
6627 5094 2213
6628 5102 2213
6628 5110 2222
6630 5120 2228
6630 5128 2225
6630 5136 2225
6630 5144 2221
6630 5152 2222
6630 5158 2221
6630 5165 2219
6630 5173 2213
6630 5181 2212
6630 5187 2212
6631 5195 2211
6631 5202 2212
6630 5209 2205
6629 5215 2206
6629 5224 2209
6629 5233 2215
6631 5242 2219
6632 5253 2222
6633 5262 2221
6634 5273 2218
6634 5282 2236
6634 5290 2236
6635 5301 2240
6637 5311 2241
6639 5323 2227
6641 5334 2228
6642 5344 2227
6643 5354 2227
6644 5363 2225
6644 5373 2224
6646 5383 2222
6647 5390 2222
6647 5400 2221
6649 5407 2218
6650 5414 2221
6650 5423 2219
6651 5431 2221
6651 5438 2221
6651 5445 2219
6652 5453 2218
6652 5459 2216
6652 5464 2222
6652 5470 2222
6652 5477 2222
6652 5484 2222
6651 5489 2211
6651 5496 2212
6651 5504 2211
6651 5511 2211
6650 5517 2215
6650 5526 2213
6650 5533 2215
6649 5540 2216
6650 5550 2221
6650 5558 2221
6650 5566 2219
6650 5576 2218
6650 5585 2211
6649 5593 2212
6649 5603 2211
6647 5613 2211
6646 5622 2205
6646 5632 2205
6646 5640 2205
6645 5648 2203
6646 5657 2211
6645 5666 2211
6645 5675 2209
6645 5685 2209
6645 5694 2209
6645 5704 2208
6645 5712 2208
6644 5719 2208
6644 5729 2209
6644 5737 2222
6644 5746 2237
6644 5758 2252
6644 5768 2264
6643 5781 2268
6643 5792 2270
6643 5802 2271
6643 5813 2274
6644 5824 2271
6644 5836 2279
6645 5847 2282
6646 5860 2285
6647 5870 2295
6650 5882 2297
6651 5893 2301
6652 5903 2303
6654 5915 2307
6655 5926 2310
6657 5939 2309
6658 5952 2312
6659 5967 2310
6660 5979 2313
6663 5993 2319
6664 6003 2324
6665 6017 2324
6667 6028 2328
6669 6041 2334
6669 6052 2340
6670 6066 2349
6671 6077 2355
6672 6091 2358
6673 6101 2363
6676 6115 2364
6677 6125 2366
6678 6139 2372
6678 6150 2377
6679 6163 2381
6680 6174 2384
6681 6183 2383
6681 6192 2377
6681 6199 2375
6679 6204 2368
6679 6212 2364
6678 6218 2364
6677 6224 2363
6676 6228 2366
6675 6233 2366
6673 6239 2366
6672 6243 2366
6676 6247 2368
6675 6250 2368
6673 6252 2369
6673 6255 2369
6671 6257 2371
6670 6262 2374
6670 6265 2372
6669 6267 2374
6669 6269 2372
6669 6272 2371
6668 6274 2372
6667 6276 2372
6666 6277 2372
6666 6279 2372
6665 6281 2371
6665 6282 2372
6663 6284 2371
6663 6286 2374
6662 6288 2375
6660 6290 2374
6662 6291 2378
6660 6292 2381
6659 6292 2386
6659 6293 2389
6658 6293 2392
6657 6294 2400
6657 6295 2401
6657 6296 2403
6657 6297 2403
6656 6297 2390
6655 6297 2393
6655 6298 2396
6654 6299 2398
6656 6300 2401
6655 6301 2400
6655 6301 2398
6654 6302 2396
6652 6302 2401
6651 6303 2407
6651 6303 2409
6650 6304 2412
6650 6304 2409
6650 6305 2409
6649 6305 2410
6649 6306 2413
6650 6306 2420
6649 6306 2420
6649 6306 2416
6649 6307 2415
6649 6307 2413
6649 6307 2418
6647 6307 2421
6647 6307 2423
6647 6308 2423
6647 6308 2420
6646 6308 2421
6646 6308 2423
6646 6309 2424
6647 6309 2436
6646 6309 2433
6647 6309 2432
6645 6310 2415
6645 6310 2418
6645 6312 2420
6644 6312 2421
6646 6312 2423
6645 6313 2423
6645 6313 2421
6644 6314 2423
6644 6314 2424
6644 6315 2429
6643 6316 2427
6643 6317 2421
6643 6318 2420
6643 6319 2418
6642 6320 2420
6641 6322 2424
6639 6324 2423
6638 6327 2429
6635 6328 2432
6635 6331 2441
6633 6333 2446
6631 6335 2449
6630 6339 2452
6628 6340 2450
6628 6342 2460
6627 6343 2463
6625 6344 2463
6624 6346 2463
6620 6347 2463
6619 6349 2463
6617 6351 2464
6616 6352 2469
6614 6354 2471
6613 6355 2474
6611 6356 2477
6609 6357 2477
6607 6359 2475
6606 6360 2474
6605 6363 2477
6603 6364 2478
6600 6365 2478
6597 6366 2480
6596 6367 2478
6595 6368 2478
6596 6369 2477
6596 6370 2475
6595 6371 2475
6595 6372 2477
6594 6372 2486
6593 6373 2486
6593 6373 2486
6593 6374 2483
6593 6374 2486
6593 6375 2488
6591 6375 2485
6591 6375 2483
6590 6375 2485
6591 6376 2485
6590 6376 2481
6589 6376 2483
6588 6377 2485
6587 6377 2492
6586 6377 2494
6584 6378 2494
6583 6379 2494
6583 6379 2495
6582 6380 2495
6581 6380 2497
6580 6381 2499
6580 6381 2499
6579 6382 2502
6578 6383 2502
6576 6384 2502
6573 6385 2502
6571 6385 2502
6569 6386 2503
6568 6386 2506
6568 6386 2513
6567 6388 2514
6566 6388 2517
6565 6389 2517
6564 6390 2519
6562 6390 2520
6561 6390 2519
6558 6391 2519
6557 6391 2513
6557 6391 2509
6556 6392 2511
6556 6392 2509
6555 6392 2508
6555 6392 2509
6555 6393 2511
6554 6393 2514
6554 6393 2508
6553 6393 2509
6553 6394 2511
6553 6394 2508
6552 6394 2509
6552 6395 2511
6551 6395 2519
6551 6395 2516
6551 6396 2514
6551 6396 2513
6551 6396 2517
6551 6396 2519
6549 6396 2514
6548 6396 2516
6548 6397 2516
6546 6397 2516
6549 6397 2533
6549 6396 2530
6549 6396 2531
6549 6397 2530
6546 6397 2519
6546 6397 2522
6546 6397 2524
6546 6397 2527
6548 6397 2525
6546 6397 2522
6546 6398 2520
6546 6398 2519
6545 6398 2522
6544 6398 2519
6543 6398 2522
6542 6399 2520
6542 6399 2519
6542 6400 2524
6541 6400 2519
6540 6401 2520
6538 6401 2520
6537 6402 2528
6535 6403 2530
6531 6403 2531
6530 6403 2531
6529 6403 2525
6527 6404 2525
6526 6404 2527
6525 6404 2528
6526 6404 2530
6525 6405 2533
6524 6406 2531
6524 6406 2533
6519 6407 2527
6518 6407 2530
6517 6407 2530
6516 6408 2528
6514 6409 2525
6513 6409 2525
6511 6410 2527
6511 6410 2535
6510 6411 2536
6508 6413 2533
6507 6413 2533
6507 6414 2531
6506 6415 2531
6505 6415 2535
6504 6415 2533
6503 6415 2535
6503 6415 2538
6502 6416 2535
6502 6416 2538
6502 6415 2535
6501 6416 2535
6501 6415 2541
6501 6416 2550
6501 6415 2554
6501 6416 2558
6500 6416 2565
6500 6416 2566
6500 6416 2571
6500 6415 2571
6500 6415 2574
6500 6415 2576
6498 6415 2584
6498 6415 2587
6500 6415 2592
6500 6415 2598
6500 6415 2600
6500 6415 2604
6498 6414 2614
6498 6415 2614
6498 6415 2617
6498 6415 2617
6498 6414 2614
6498 6414 2619
6498 6414 2619
6498 6414 2620
6497 6414 2624
6497 6414 2622
6497 6413 2628
6497 6414 2630
6497 6413 2632
6497 6413 2635
6496 6413 2648
6496 6413 2651
6495 6413 2652
6494 6413 2638
6494 6411 2640
6494 6411 2644
6494 6411 2651
6496 6410 2665
6496 6411 2672
6496 6411 2673
6496 6410 2675
6494 6410 2669
6494 6410 2670
6492 6410 2685
6492 6410 2690
6492 6409 2691
6492 6409 2693
6494 6409 2678
6495 6409 2680
6495 6409 2683
6495 6409 2688
6495 6409 2690
6494 6409 2691
6495 6410 2691
6495 6410 2693
6495 6410 2694
6495 6410 2691
6495 6410 2698
6495 6411 2696
6494 6411 2701
6494 6411 2691
6494 6411 2694
6492 6411 2694
6494 6411 2691
6494 6411 2688
6494 6411 2686
6494 6411 2688
6494 6411 2694
6494 6413 2696
6494 6413 2694
6494 6413 2693
6497 6413 2690
6497 6413 2691
6497 6413 2693
6494 6413 2704
6494 6413 2703
6494 6413 2704
6494 6413 2688
6494 6411 2686
6494 6411 2688
6494 6411 2694
6495 6411 2696
6495 6413 2698
6495 6413 2699
6495 6411 2704
6495 6413 2703
6494 6413 2698
6494 6411 2696
6492 6411 2694
6492 6411 2698
6492 6411 2691
6492 6413 2691
6491 6413 2690
6490 6413 2686
6490 6413 2683
6489 6414 2683
6489 6414 2681
6489 6414 2688
6489 6414 2694
6488 6414 2694
6489 6414 2690
6489 6414 2685
6489 6414 2686
6490 6414 2690
6489 6414 2694
6489 6413 2696
6489 6414 2696
6488 6414 2696
6488 6414 2698
6488 6414 2696
6488 6413 2696
6488 6413 2698
6488 6413 2694
6488 6413 2699
6489 6413 2696
6489 6414 2699
6489 6414 2701
6489 6414 2694
6485 6414 2699
6485 6414 2698
6485 6413 2698
6488 6413 2693
6487 6413 2691
6487 6413 2690
6487 6414 2691
6487 6414 2693
6487 6414 2691
6487 6414 2693
6487 6413 2691
6487 6413 2691
6487 6413 2696
6487 6413 2699
6487 6413 2694
6487 6413 2693
6487 6414 2701
6485 6413 2701
6485 6413 2699
6485 6413 2701
6485 6413 2698
6485 6413 2698
6485 6413 2691
6485 6413 2690
6485 6413 2690
6484 6413 2688
6483 6414 2691
6483 6414 2690
6482 6414 2690
6479 6415 2686
6479 6415 2683
6478 6415 2688
6477 6415 2686
6475 6415 2696
6473 6414 2698
6473 6415 2694
6473 6415 2694
6471 6415 2691
6470 6415 2690
6469 6415 2686
6468 6415 2690
6466 6415 2683
6466 6415 2683
6465 6415 2683
6464 6415 2680
6463 6415 2681
6463 6414 2681
6462 6414 2686
6462 6414 2685
6460 6414 2693
6459 6414 2696
6458 6414 2694
6458 6414 2696
6457 6414 2696
6456 6414 2694
6454 6413 2696
6453 6413 2688
6452 6411 2685
6450 6410 2686
6447 6410 2685
6444 6409 2683
6441 6408 2683
6439 6408 2685
6435 6407 2685
6434 6406 2680
6431 6404 2680
6425 6403 2680
6419 6401 2681
6412 6398 2690
6405 6394 2691
6397 6391 2691
6390 6388 2688
6384 6384 2688
6379 6381 2688
6375 6379 2683
6371 6377 2683
6367 6374 2681
6362 6371 2680
6356 6368 2680
6350 6364 2680
6343 6359 2677
6337 6355 2677
6330 6352 2681
6324 6347 2681
6320 6343 2680
6316 6339 2683
6311 6334 2681
6305 6331 2680
6299 6327 2678
6293 6323 2675
6288 6319 2677
6284 6315 2678
6281 6312 2678
6279 6309 2685
6276 6307 2681
6275 6304 2681
6274 6302 2683
6273 6300 2675
6269 6296 2677
6263 6292 2675
6259 6287 2673
6253 6282 2675
6248 6278 2673
6244 6273 2672
6241 6269 2672
6238 6265 2669
6236 6261 2673
6234 6256 2678
6231 6253 2686
6231 6250 2701
6230 6247 2707
6228 6243 2712
6227 6238 2714
6224 6232 2709
6221 6225 2711
6219 6219 2712
6218 6213 2716
6216 6205 2720
6215 6200 2722
6212 6194 2722
6211 6188 2724
6211 6181 2724
6210 6174 2724
6209 6168 2724
6208 6161 2724
6206 6153 2724
6205 6148 2720
6205 6141 2719
6204 6134 2720
6203 6126 2719
6200 6120 2725
6199 6113 2727
6197 6105 2725
6196 6098 2722
6193 6092 2716
6192 6084 2712
6191 6074 2711
6189 6066 2711
6187 6055 2714
6185 6046 2714
6183 6035 2711
6181 6022 2709
6178 6011 2712
6177 5997 2714
6174 5986 2716
6172 5972 2717
6172 5960 2720
6170 5946 2722
6168 5932 2725
6168 5917 2725
6167 5902 2730
6166 5889 2730
6166 5875 2730
6165 5862 2737
6165 5848 2732
6164 5834 2737
6164 5819 2743
6165 5802 2745
6166 5785 2740
6166 5767 2747
6167 5747 2745
6167 5728 2748
6167 5710 2753
6168 5692 2758
6168 5674 2760
6168 5659 2760
6170 5641 2763
6171 5622 2761
6173 5604 2761
6174 5583 2761
6174 5561 2760
6177 5539 2755
6177 5516 2756
6179 5495 2760
6180 5475 2761
6181 5453 2768
6181 5432 2773
6181 5411 2773
6183 5387 2775
6185 5364 2773
6186 5340 2773
6187 5315 2776
6190 5290 2776
6192 5263 2783
6193 5238 2781
6196 5212 2781
6198 5185 2781
6202 5158 2773
6205 5132 2773
6206 5104 2775
6209 5076 2778
6212 5050 2773
6214 5019 2765
6215 4988 2755
6217 4957 2747
6218 4926 2752
6219 4896 2758
6219 4867 2761
6219 4839 2763
6218 4810 2763
6218 4782 2771
6217 4755 2775
6216 4728 2778
6216 4700 2779
6214 4672 2781
6212 4644 2783
6212 4617 2783
6210 4592 2786
6210 4567 2778
6208 4543 2776
6206 4518 2773
6204 4492 2768
6198 4467 2770
6196 4442 2768
6193 4417 2768
6190 4394 2768
6190 4369 2768
6187 4345 2766
6184 4320 2766
6181 4293 2765
6178 4269 2768
6174 4244 2768
6172 4220 2768
6168 4196 2770
6164 4172 2765
6160 4149 2765
6155 4127 2765
6152 4105 2763
6148 4082 2768
6145 4060 2771
6140 4037 2771
6136 4015 2770
6132 3995 2763
6127 3977 2758
6123 3960 2756
6119 3941 2752
6115 3925 2752
6110 3908 2753
6106 3890 2750
6101 3873 2745
6096 3856 2740
6092 3839 2732
6085 3824 2725
6081 3810 2719
6076 3795 2711
6070 3781 2706
6064 3764 2701
6057 3751 2690
6051 3736 2678
6045 3726 2665
6040 3713 2652
6035 3702 2651
6031 3688 2646
6027 3676 2635
6022 3662 2630
6018 3651 2625
6014 3638 2622
6011 3628 2624
6007 3617 2620
6003 3607 2616
5999 3596 2608
5996 3583 2601
5992 3572 2593
5987 3560 2588
5983 3550 2585
5979 3538 2582
5975 3529 2580
5971 3518 2582
5968 3508 2580
5962 3500 2580
5958 3490 2576
5954 3481 2569
5950 3473 2561
5946 3463 2558
5943 3455 2554
5939 3448 2550
5937 3441 2549
5933 3433 2544
5929 3427 2546
5926 3420 2536
5922 3412 2530
5918 3405 2520
5914 3399 2511
5910 3393 2503
5907 3388 2492
5903 3383 2485
5901 3379 2471
5895 3374 2464
5890 3369 2455
5882 3362 2444
5874 3357 2435
5867 3352 2421
5859 3346 2409
5852 3340 2398
5844 3333 2398
5838 3328 2390
5831 3323 2384
5825 3318 2378
5818 3312 2361
5809 3306 2358
5800 3300 2354
5790 3295 2349
5778 3287 2345
5766 3280 2337
5754 3274 2330
5742 3267 2319
5733 3260 2310
5723 3254 2301
5713 3248 2295
5701 3241 2292
5689 3233 2288
5677 3227 2286
5665 3221 2285
5652 3214 2282
5640 3207 2280
5628 3202 2273
5618 3197 2268
5607 3193 2265
5596 3188 2259
5588 3182 2265
5580 3178 2261
5574 3176 2255
5567 3173 2250
5558 3170 2233
5552 3168 2230
5544 3166 2221
5537 3163 2209
5529 3160 2203
5520 3158 2189
5513 3156 2174
5504 3155 2161
5498 3154 2148
5489 3152 2142
5480 3152 2136
5470 3151 2132
5460 3151 2123
5450 3151 2113
5440 3151 2099
5429 3152 2083
5418 3152 2062
5408 3153 2048
5397 3154 2043
5385 3155 2040
5373 3156 2042
5361 3158 2036
5349 3159 2031
5338 3162 2024
5328 3163 2021
5315 3165 2021
5301 3167 2018
5288 3169 2015
5273 3171 2010
5260 3174 2001
5247 3176 1997
5233 3177 1996
5218 3180 1996
5203 3182 1989
5189 3184 1986
5176 3188 1980
5164 3190 1976
5152 3192 1975
5139 3194 1973
5125 3196 1975
5112 3197 1975
5100 3199 1976
5088 3200 1972
5076 3201 1966
5068 3202 1964
5057 3204 1961
5049 3206 1958
5041 3208 1957
5033 3209 1953
5024 3210 1954
5015 3211 1955
5005 3214 1955
4996 3215 1958
4986 3217 1951
4979 3218 1947
4971 3219 1946
4964 3220 1941
4957 3222 1932
4949 3224 1930
4942 3225 1928
4935 3227 1924
4929 3227 1929
4923 3229 1925
4917 3230 1922
4911 3232 1922
4904 3234 1924
4898 3236 1922
4891 3238 1921
4885 3241 1920
4879 3243 1918
4873 3245 1917
4866 3247 1913
4859 3249 1907
4853 3251 1900
4846 3252 1883
4840 3254 1876
4835 3256 1871
4828 3259 1865
4822 3261 1871
4815 3265 1866
4808 3269 1861
4802 3271 1856
4794 3274 1850
4786 3276 1846
4779 3278 1844
4771 3281 1842
4765 3284 1842
4758 3287 1841
4752 3291 1838
4747 3294 1830
4741 3298 1825
4736 3301 1812
4732 3303 1793
4728 3306 1774
4723 3309 1761
4720 3312 1748
4716 3317 1739
4712 3320 1731
4709 3324 1722
4705 3328 1718
4700 3332 1714
4695 3336 1709
4690 3341 1700
4686 3345 1694
4681 3349 1687
4676 3353 1681
4672 3356 1673
4668 3360 1669
4663 3366 1664
4660 3371 1660
4655 3377 1659
4650 3381 1662
4646 3386 1660
4642 3392 1657
4637 3397 1653
4632 3403 1652
4628 3408 1646
4623 3416 1644
4618 3422 1640
4612 3428 1624
4608 3432 1616
4604 3437 1605
4601 3443 1590
4599 3449 1580
4597 3453 1565
4593 3457 1552
4592 3462 1539
4587 3468 1528
4585 3473 1521
4583 3478 1514
4582 3483 1504
4579 3489 1505
4577 3497 1498
4574 3504 1492
4573 3511 1486
4572 3520 1476
4570 3529 1468
4568 3537 1462
4566 3548 1462
4565 3559 1451
4563 3572 1450
4562 3584 1447
4562 3599 1441
4562 3612 1439
4562 3628 1441
4562 3644 1440
4562 3660 1440
4560 3678 1441
4560 3696 1434
4559 3712 1441
4559 3731 1451
4561 3750 1463
4562 3768 1481
4563 3790 1489
4564 3812 1495
4566 3836 1498
4567 3859 1495
4568 3881 1495
4570 3903 1495
4571 3927 1500
4572 3951 1509
4574 3977 1516
4577 4004 1523
4579 4031 1527
4580 4059 1534
4582 4087 1538
4583 4116 1540
4585 4143 1544
4587 4171 1539
4589 4199 1540
4590 4227 1542
4592 4257 1543
4591 4288 1547
4593 4318 1549
4593 4346 1554
4595 4377 1559
4598 4408 1565
4599 4438 1573
4600 4471 1577
4601 4502 1584
4601 4535 1599
4603 4568 1607
4604 4600 1617
4605 4636 1626
4606 4671 1628
4608 4705 1626
4610 4740 1628
4612 4774 1630
4614 4806 1638
4616 4841 1658
4618 4877 1669
4619 4912 1681
4621 4949 1686
4623 4983 1682
4624 5018 1683
4625 5052 1686
4625 5084 1689
4625 5120 1690
4625 5155 1694
4627 5187 1694
4628 5222 1695
4630 5255 1694
4630 5289 1695
4630 5325 1698
4629 5360 1700
4627 5394 1722
4627 5428 1729
4627 5462 1735
4627 5495 1739
4627 5530 1723
4627 5564 1725
4627 5597 1726
4627 5631 1733
4627 5663 1750
4628 5695 1757
4628 5729 1765
4629 5762 1768
4629 5793 1768
4629 5824 1771
4630 5856 1772
4629 5887 1772
4629 5917 1772
4629 5948 1768
4629 5978 1769
4629 6010 1771
4628 6039 1772
4627 6068 1774
4625 6097 1776
4625 6124 1777
4624 6151 1778
4623 6178 1780
4622 6205 1782
4621 6233 1788
4620 6259 1790
4619 6287 1797
4618 6312 1801
4617 6337 1804
4616 6362 1806
4617 6385 1801
4617 6409 1802
4617 6432 1802
4617 6454 1804
4615 6478 1813
4615 6499 1818
4616 6521 1825
4616 6543 1832
4617 6564 1846
4617 6588 1857
4618 6612 1869
4619 6635 1879
4621 6657 1885
4621 6679 1892
4623 6699 1900
4623 6719 1911
4624 6737 1924
4625 6758 1935
4625 6779 1950
4625 6799 1959
4625 6817 1964
4625 6835 1973
4625 6855 1980
4625 6873 1984
4625 6889 1987
4624 6905 1980
4623 6918 1982
4622 6933 1983
4621 6947 1982
4620 6960 1986
4619 6973 1982
4618 6984 1979
4616 6995 1982
4616 7009 1987
4612 7021 2010
4610 7038 2035
4606 7054 2060
4601 7070 2096
4597 7088 2106
4595 7105 2112
4592 7120 2115
4587 7136 2097
4585 7150 2093
4582 7164 2089
4580 7177 2086
4578 7190 2090
4576 7204 2093
4573 7216 2093
4570 7230 2093
4567 7242 2092
4563 7256 2092
4561 7267 2093
4558 7280 2095
4555 7290 2097
4551 7300 2102
4546 7312 2107
4540 7326 2115
4533 7341 2123
4526 7355 2125
4519 7372 2133
4512 7386 2142
4506 7401 2149
4501 7414 2162
4495 7428 2165
4488 7441 2170
4481 7454 2174
4475 7467 2180
4469 7480 2183
4462 7492 2186
4456 7504 2187
4447 7516 2190
4441 7527 2196
4435 7538 2205
4427 7550 2215
4422 7560 2227
4413 7571 2234
4404 7581 2244
4396 7591 2255
4387 7602 2261
4379 7613 2271
4371 7622 2276
4365 7633 2280
4358 7642 2312
4352 7649 2310
4346 7658 2310
4341 7665 2309
4333 7672 2292
4327 7679 2295
4320 7686 2300
4313 7696 2306
4305 7705 2300
4297 7713 2306
4289 7722 2310
4281 7729 2313
4274 7735 2313
4266 7741 2309
4261 7747 2309
4255 7751 2310
4250 7757 2312
4244 7762 2315
4237 7769 2321
4230 7774 2328
4222 7781 2334
4215 7786 2346
4209 7789 2348
4203 7793 2352
4197 7797 2358
4187 7799 2364
4179 7804 2378
4170 7809 2390
4159 7812 2404
4150 7817 2415
4138 7820 2424
4125 7823 2432
4112 7825 2440
4098 7827 2440
4088 7830 2441
4077 7832 2447
4066 7834 2453
4057 7836 2491
4045 7837 2499
4034 7837 2503
4024 7838 2508
4013 7838 2485
4001 7839 2488
3989 7839 2492
3977 7839 2495
3964 7839 2502
3951 7838 2503
3938 7837 2508
3924 7837 2513
3911 7837 2516
3898 7836 2524
3884 7835 2527
3868 7833 2535
3852 7830 2542
3833 7826 2549
3815 7824 2555
3796 7820 2565
3779 7815 2571
3760 7811 2585
3741 7806 2593
3722 7800 2593
3703 7796 2593
3684 7791 2588
3666 7787 2588
3650 7783 2592
3634 7778 2593
3620 7774 2587
3607 7770 2590
3593 7766 2593
3577 7761 2596
3564 7758 2603
3550 7754 2601
3538 7749 2603
3525 7747 2603
3509 7744 2603
3494 7742 2603
3481 7738 2601
3468 7736 2601
3462 7736 2603
3453 7734 2603
3444 7733 2603
3436 7731 2601
3427 7730 2598
3418 7728 2598
3411 7726 2598
3403 7725 2598
3392 7725 2601
3383 7724 2601
3371 7723 2603
3358 7723 2606
3345 7722 2600
3328 7721 2601
3315 7719 2603
3303 7718 2604
3294 7716 2608
3285 7713 2608
3277 7712 2608
3270 7711 2608
3264 7710 2606
3257 7710 2622
3251 7709 2619
3246 7709 2617
3239 7709 2617
3235 7709 2595
3229 7710 2595
3223 7710 2595
3217 7711 2592
3212 7712 2598
3204 7713 2596
3198 7716 2593
3190 7718 2593
3184 7719 2592
3177 7721 2592
3169 7723 2588
3165 7723 2588
3161 7725 2577
3157 7726 2573
3153 7728 2569
3150 7729 2569
3144 7730 2579
3143 7731 2579
3141 7731 2580
3139 7732 2577
3137 7733 2563
3134 7733 2563
3133 7733 2563
3131 7733 2561
3131 7733 2576
3131 7734 2576
3131 7734 2577
3128 7734 2576
3128 7733 2579
3128 7733 2582
3128 7733 2584
3128 7733 2585
3128 7733 2580
3128 7732 2582
3128 7731 2587
3128 7731 2592
3128 7730 2617
3128 7730 2624
3128 7730 2628
3128 7729 2633
3130 7729 2627
3130 7729 2632
3128 7729 2638
3128 7728 2644
3126 7726 2648
3126 7726 2654
3125 7725 2659
3125 7725 2662
3127 7724 2662
3126 7724 2664
3126 7723 2664
3126 7723 2662
3126 7723 2678
3126 7722 2680
3126 7721 2680
3126 7720 2680
3125 7719 2665
3125 7718 2665
3124 7716 2665
3124 7715 2665
3124 7712 2665
3124 7711 2664
3123 7711 2664
3123 7710 2662
3122 7709 2665
3121 7708 2665
3120 7707 2665
3120 7706 2669
3120 7705 2672
3119 7704 2673
3119 7704 2675
3119 7704 2673
3118 7703 2669
3118 7703 2667
3118 7703 2665
3117 7702 2665
3117 7702 2664
3115 7702 2662
3114 7702 2664
3115 7702 2654
3115 7700 2656
3115 7699 2675
3115 7699 2677
3115 7699 2678
3115 7699 2673
3114 7698 2677
3114 7698 2680
3114 7698 2683
3112 7698 2683
3112 7698 2680
3112 7698 2683
3112 7698 2686
3112 7698 2690
3112 7698 2698
3112 7698 2699
3112 7698 2701
3112 7697 2701
3111 7697 2712
3111 7696 2714
3111 7696 2712
3109 7696 2712
3109 7696 2694
3109 7696 2693
3109 7696 2693
3108 7696 2701
3108 7696 2703
3108 7696 2704
3107 7696 2699
3107 7696 2698
3108 7696 2699
3107 7696 2699
3109 7696 2696
3109 7696 2698
3108 7695 2698
3108 7695 2696
3109 7695 2716
3109 7695 2717
3109 7696 2717
3109 7696 2711
3108 7696 2707
3108 7696 2706
3109 7696 2701
3109 7696 2699
3109 7696 2696
3109 7697 2693
3109 7697 2686
3109 7697 2685
3109 7697 2678
3109 7697 2672
3108 7697 2665
3108 7697 2669
3108 7698 2664
3108 7698 2659
3108 7698 2654
3108 7698 2633
3108 7698 2630
3108 7698 2627
3108 7698 2625
3108 7698 2625
3108 7698 2622
3108 7698 2620
3107 7698 2617
3107 7698 2614
3107 7698 2612
3107 7698 2609
3106 7699 2606
3106 7699 2604
3107 7698 2624
3107 7698 2620
3107 7699 2619
3107 7699 2617
3105 7699 2604
3106 7699 2603
3105 7699 2603
3105 7699 2604
3105 7698 2603
3106 7699 2601
3105 7699 2601
3105 7699 2600
3105 7699 2601
3105 7698 2601
3106 7698 2603
3106 7698 2601
3104 7698 2598
3104 7698 2595
3105 7698 2593
3105 7698 2593
3105 7698 2595
3106 7698 2604
3106 7698 2603
3105 7698 2601
3105 7698 2588
3104 7698 2587
3105 7698 2587
3105 7698 2588
3105 7698 2587
3104 7698 2584
3104 7698 2580
3105 7698 2595
3104 7698 2592
3103 7698 2590
3102 7698 2588
3100 7698 2569
3098 7698 2566
3095 7698 2563
3090 7698 2561
3087 7699 2561
3084 7699 2560
3080 7700 2558
3079 7700 2563
3076 7702 2561
3072 7703 2560
3069 7703 2557
3066 7704 2550
3061 7705 2547
3057 7705 2546
3053 7706 2544
3048 7706 2542
3045 7707 2541
3041 7708 2541
3036 7708 2539
3031 7709 2538
3026 7710 2525
3020 7711 2522
3016 7711 2520
3011 7712 2517
3006 7715 2535
3000 7716 2533
2994 7718 2531
2988 7719 2531
2982 7720 2524
2977 7722 2522
2971 7723 2520
2966 7723 2517
2962 7724 2514
2958 7724 2511
2955 7724 2509
2952 7724 2509
2949 7724 2517
2947 7724 2519
2944 7724 2519
2942 7724 2517
2940 7724 2506
2939 7724 2505
2937 7724 2505
2936 7724 2505
2934 7724 2503
2933 7724 2505
2931 7725 2505
2934 7725 2506
2933 7725 2505
2933 7725 2505
2933 7725 2506
2933 7725 2508
2933 7725 2511
2933 7725 2509
2931 7724 2513
2931 7725 2516
2931 7725 2517
2931 7725 2514
2933 7725 2517
2931 7725 2519
2931 7725 2517
2928 7725 2508
2928 7725 2506
2931 7725 2506
2931 7725 2508
2928 7725 2506
2928 7725 2508
2930 7725 2509
2931 7725 2508
2931 7725 2509
2931 7725 2511
2931 7725 2517
2930 7725 2519
2930 7725 2520
2931 7725 2519
2934 7725 2520
2934 7725 2522
2931 7725 2524
2931 7725 2520
2931 7725 2522
2931 7725 2524
2931 7725 2527
2931 7725 2525
2931 7726 2525
2931 7726 2527
2931 7726 2519
2931 7726 2520
2931 7726 2528
2931 7726 2530
2931 7726 2531
2934 7726 2533
2933 7726 2535
2934 7726 2536
2931 7726 2522
2931 7726 2522
2931 7726 2520
2933 7726 2544
2933 7726 2546
2933 7726 2547
2933 7726 2549
2931 7726 2538
2931 7726 2536
2931 7728 2536
2931 7728 2538
2933 7728 2539
2933 7726 2539
2933 7726 2536
2931 7726 2536
2931 7728 2536
2931 7728 2535
2931 7728 2536
2931 7728 2530
2931 7728 2531
2931 7728 2533
2933 7726 2533
2933 7726 2541
2933 7726 2542
2933 7726 2541
2931 7726 2542
2931 7728 2531
2931 7728 2528
2933 7728 2528
2933 7728 2536
2933 7728 2539
2933 7728 2544
2933 7728 2547
2933 7726 2552
2931 7726 2550
2931 7726 2554
2931 7726 2557
2931 7726 2558
2931 7726 2563
2931 7728 2565
2931 7728 2566
2933 7728 2565
2933 7728 2574
2933 7728 2580
2933 7728 2587
2933 7728 2593
2933 7728 2590
2933 7728 2593
2933 7728 2595
2933 7728 2593
2933 7728 2592
2933 7728 2593
2934 7728 2593
2934 7728 2595
2933 7728 2595
2933 7728 2593
2934 7728 2593
2934 7729 2592
2934 7729 2593
2934 7729 2595
2934 7729 2596
2934 7729 2600
2934 7729 2601
2934 7729 2603
2934 7729 2604
2934 7729 2606
2934 7729 2609
2934 7729 2611
2934 7730 2614
2934 7730 2619
2934 7729 2622
2934 7730 2625
2934 7730 2628
2934 7730 2633
2934 7730 2636
2936 7730 2641
2936 7730 2646
2937 7730 2648
2938 7729 2649
2938 7729 2648
2939 7729 2649
2939 7729 2651
2940 7729 2654
2940 7729 2657
2940 7729 2659
2941 7729 2660
2942 7729 2660
2942 7729 2659
2943 7729 2659
2943 7728 2656
2943 7728 2657
2944 7728 2656
2944 7728 2657
2944 7728 2656
2944 7728 2654
2944 7728 2649
2943 7728 2648
2943 7728 2646
2943 7728 2644
2943 7728 2646
2943 7728 2644
2944 7728 2644
2944 7729 2644
2944 7728 2641
2944 7729 2633
2944 7729 2625
2944 7729 2619
2944 7729 2616
2944 7728 2619
2944 7728 2620
2944 7728 2622
2944 7728 2624
2944 7728 2625
2944 7729 2627
2944 7729 2628
2944 7729 2630
2944 7728 2628
2944 7729 2627
2944 7729 2625
2944 7729 2624
2944 7729 2625
2944 7729 2627
2944 7729 2628
2944 7728 2630
2944 7729 2633
2944 7729 2636
2944 7729 2640
2944 7729 2643
2944 7728 2646
2944 7728 2648
2944 7728 2646
2944 7728 2644
2944 7728 2641
2944 7729 2638
2944 7729 2633
2944 7729 2628
2944 7729 2624
2945 7729 2627
2944 7729 2630
2944 7729 2633
2944 7729 2640
2945 7729 2648
2945 7728 2654
2946 7728 2660
2947 7726 2665
2947 7725 2669
2949 7724 2673
2950 7723 2678
2952 7721 2681
2954 7718 2686
2955 7716 2686
2958 7711 2691
2960 7709 2698
2963 7705 2701
2965 7700 2709
2968 7697 2716
2971 7692 2720
2974 7685 2720
2978 7680 2727
2982 7672 2727
2987 7666 2725
2991 7658 2729
2994 7649 2727
2998 7642 2727
3001 7633 2727
3004 7622 2727
3009 7614 2725
3013 7604 2725
3017 7594 2725
3020 7585 2722
3026 7577 2729
3029 7569 2727
3033 7561 2727
3036 7552 2727
3041 7542 2714
3044 7531 2714
3047 7520 2716
3050 7509 2717
3052 7500 2722
3054 7491 2725
3055 7482 2725
3058 7472 2725
3061 7463 2724
3064 7452 2722
3066 7441 2717
3068 7428 2716
3069 7416 2719
3070 7406 2714
3071 7394 2717
3072 7385 2716
3074 7375 2714
3074 7364 2709
3076 7352 2706
3077 7340 2703
3079 7327 2699
3080 7313 2694
3080 7298 2693
3082 7286 2693
3084 7272 2691
3085 7259 2691
3086 7244 2690
3087 7230 2690
3088 7215 2688
3087 7202 2688
3088 7188 2686
3090 7173 2688
3090 7160 2688
3093 7146 2704
3096 7134 2704
3098 7119 2703
3100 7106 2704
3102 7090 2693
3104 7076 2694
3106 7060 2691
3108 7044 2690
3109 7030 2680
3109 7014 2680
3112 7000 2680
3112 6985 2680
3112 6968 2683
3112 6955 2677
3112 6939 2672
3114 6925 2667
3115 6910 2665
3117 6891 2678
3117 6875 2680
3115 6857 2680
3115 6839 2678
3115 6824 2665
3115 6807 2665
3114 6789 2664
3114 6772 2664
3112 6754 2665
3112 6735 2664
3112 6718 2664
3112 6700 2660
3111 6680 2656
3109 6658 2652
3109 6635 2651
3109 6612 2649
3108 6589 2641
3108 6568 2643
3107 6547 2643
3106 6525 2644
3105 6504 2641
3104 6480 2638
3103 6457 2636
3103 6434 2635
3102 6409 2649
3102 6384 2649
3101 6360 2648
3100 6337 2644
3100 6314 2630
3100 6291 2625
3100 6267 2617
3099 6243 2611
3099 6216 2608
3098 6190 2600
3098 6163 2596
3099 6136 2595
3099 6110 2595
3100 6083 2603
3101 6058 2604
3102 6033 2604
3103 6007 2603
3103 5979 2601
3104 5952 2601
3105 5925 2603
3107 5900 2604
3109 5876 2598
3109 5851 2596
3111 5826 2592
3112 5801 2587
3115 5775 2588
3117 5749 2587
3118 5725 2585
3119 5700 2584
3117 5678 2590
3117 5655 2580
3118 5631 2571
3118 5608 2561
3120 5582 2539
3121 5558 2538
3121 5533 2535
3122 5509 2530
3124 5486 2522
3125 5461 2519
3126 5438 2516
3128 5413 2514
3127 5390 2519
3128 5367 2514
3131 5341 2513
3133 5316 2509
3137 5289 2508
3139 5264 2516
3142 5240 2514
3144 5216 2514
3146 5194 2511
3149 5170 2503
3150 5146 2503
3153 5123 2503
3157 5099 2502
3160 5077 2500
3162 5054 2497
3163 5031 2494
3165 5008 2494
3168 4986 2494
3169 4965 2491
3171 4943 2492
3172 4922 2491
3172 4902 2483
3174 4880 2480
3175 4860 2474
3177 4840 2469
3179 4820 2471
3180 4801 2467
3181 4781 2464
3182 4763 2460
3182 4744 2458
3182 4725 2452
3182 4705 2447
3182 4686 2444
3182 4666 2438
3184 4646 2432
3184 4626 2424
3185 4608 2420
3187 4591 2416
3188 4574 2418
3188 4559 2415
3188 4544 2410
3190 4527 2407
3191 4511 2407
3191 4494 2401
3192 4476 2393
3193 4459 2380
3193 4441 2363
3193 4422 2354
3193 4406 2346
3193 4391 2343
3193 4376 2328
3194 4364 2319
3194 4348 2309
3194 4333 2298
3194 4316 2298
3194 4298 2295
3194 4283 2294
3193 4268 2292
3192 4251 2292
3192 4236 2285
3191 4219 2279
3191 4204 2274
3188 4189 2274
3188 4173 2276
3188 4158 2274
3187 4143 2271
3187 4127 2259
3185 4111 2255
3185 4094 2255
3182 4079 2253
3182 4063 2256
3181 4045 2258
3180 4030 2255
3180 4014 2255
3179 3997 2252
3178 3983 2253
3177 3967 2255
3175 3954 2253
3174 3939 2256
3173 3928 2259
3172 3913 2259
3171 3900 2259
3169 3886 2258
3169 3869 2252
3168 3857 2253
3166 3842 2252
3166 3831 2252
3166 3817 2247
3165 3806 2246
3163 3792 2246
3163 3780 2247
3165 3766 2244
3163 3755 2246
3163 3742 2243
3162 3733 2237
3161 3723 2252
3159 3712 2246
3158 3702 2247
3158 3689 2249
3157 3679 2246
3157 3667 2247
3156 3658 2250
3155 3648 2252
3153 3637 2243
3153 3627 2244
3153 3615 2243
3153 3605 2243
3152 3595 2243
3152 3583 2241
3150 3572 2240
3150 3559 2237
3150 3548 2236
3149 3536 2237
3147 3525 2233
3144 3512 2225
3144 3501 2219
3141 3489 2211
3139 3480 2209
3137 3470 2211
3136 3460 2211
3136 3452 2209
3134 3443 2206
3134 3434 2205
3133 3425 2202
3130 3414 2194
3128 3404 2187
3127 3393 2178
3126 3383 2171
3127 3374 2184
3126 3363 2181
3125 3354 2175
3124 3345 2170
3122 3333 2141
3120 3323 2130
3119 3311 2120
3117 3302 2113
3115 3291 2116
3112 3280 2113
3111 3272 2112
3109 3261 2113
3107 3252 2115
3105 3244 2116
3104 3234 2116
3103 3227 2116
3102 3219 2113
3102 3211 2113
3101 3204 2113
3101 3198 2113
3100 3192 2110
3098 3185 2105
3096 3178 2105
3096 3172 2105
3096 3166 2105
3095 3159 2099
3093 3153 2100
3093 3149 2100
3092 3143 2100
3093 3137 2109
3092 3130 2103
3090 3124 2096
3090 3116 2086
3088 3106 2065
3086 3099 2042
3084 3091 2019
3082 3082 2001
3079 3074 1990
3077 3065 1989
3074 3056 1990
3073 3049 1991
3074 3042 2001
3073 3035 2003
3072 3026 2003
3071 3019 2004
3071 3011 2008
3070 3003 2011
3070 2997 2015
3070 2990 2018
3068 2984 2014
3068 2977 2017
3068 2971 2018
3067 2964 2021
3067 2956 2019
3066 2950 2021
3066 2944 2021
3066 2937 2018
3066 2928 2011
3066 2921 2003
3066 2912 1991
3066 2902 1982
3065 2893 1975
3064 2883 1968
3064 2873 1965
3063 2866 1965
3061 2858 1964
3061 2849 1955
3060 2842 1950
3058 2833 1943
3057 2823 1935
3055 2815 1935
3055 2806 1929
3054 2796 1925
3053 2789 1922
3052 2779 1920
3051 2770 1918
3050 2762 1915
3048 2751 1913
3047 2744 1909
3046 2735 1906
3045 2726 1904
3044 2719 1902
3042 2712 1898
3042 2703 1899
3042 2696 1900
3042 2691 1904
3041 2684 1910
3041 2677 1904
3039 2670 1900
3039 2663 1896
3039 2656 1889
3038 2648 1887
3038 2642 1885
3038 2637 1884
3038 2631 1885
3038 2623 1891
3038 2617 1889
3036 2610 1889
3036 2603 1887
3036 2594 1877
3035 2588 1877
3035 2581 1876
3035 2573 1876
3035 2567 1876
3035 2561 1876
3035 2553 1868
3035 2544 1860
3035 2536 1854
3035 2527 1849
3035 2518 1846
3035 2511 1845
3035 2504 1842
3036 2494 1840
3036 2487 1838
3036 2479 1840
3036 2470 1829
3036 2464 1825
3036 2457 1822
3036 2452 1818
3036 2446 1826
3036 2440 1829
3038 2436 1830
3038 2431 1832
3038 2426 1834
3036 2420 1834
3036 2415 1832
3036 2410 1826
3036 2404 1821
3036 2397 1812
3036 2390 1801
3036 2385 1790
3036 2378 1778
3038 2369 1768
3036 2363 1757
3036 2358 1747
3036 2352 1735
3036 2346 1727
3036 2341 1726
3036 2337 1729
3036 2334 1733
3035 2331 1736
3035 2327 1739
3035 2325 1742
3035 2321 1743
3033 2318 1746
3033 2317 1750
3033 2315 1751
3033 2315 1755
3034 2314 1763
3034 2313 1764
3034 2313 1765
3034 2312 1765
3035 2312 1764
3035 2312 1763
3035 2312 1763
3035 2312 1761
3035 2312 1759
3036 2312 1757
3035 2312 1751
3035 2311 1751
3036 2311 1769
3036 2312 1771
3036 2311 1773
3036 2312 1774
3036 2312 1764
3036 2312 1765
3036 2312 1767
3036 2312 1768
3036 2312 1771
3036 2312 1772
3036 2312 1773
3036 2312 1776
3036 2312 1781
3036 2312 1782
3036 2312 1784
3036 2312 1785
3036 2312 1789
3036 2312 1790
3036 2312 1793
3036 2312 1794
3035 2312 1797
3035 2312 1798
3035 2312 1800
3035 2312 1801
3036 2312 1797
3036 2311 1798
3036 2311 1800
3036 2311 1798
3035 2311 1798
3035 2310 1800
3035 2311 1804
3035 2311 1805
3036 2311 1804
3036 2310 1805
3036 2309 1805
3036 2308 1805
3036 2306 1808
3036 2305 1806
3036 2303 1808
3036 2301 1812
3039 2299 1820
3039 2298 1825
3039 2295 1828
3041 2293 1828
3042 2290 1828
3042 2287 1828
3042 2283 1830
3044 2280 1830
3042 2276 1834
3044 2271 1830
3045 2268 1826
3045 2264 1825
3046 2262 1824
3046 2260 1822
3047 2257 1822
3047 2254 1820
3048 2252 1814
3048 2250 1812
3048 2248 1809
3048 2247 1806
3047 2244 1805
3047 2242 1804
3047 2240 1802
3048 2238 1800
3048 2236 1792
3049 2234 1789
3049 2232 1788
3050 2230 1792
3050 2228 1792
3050 2226 1794
3050 2223 1793
3050 2220 1790
3050 2217 1790
3050 2216 1793
3050 2214 1793
3050 2213 1793
3050 2213 1794
3050 2212 1793
3050 2211 1794
3050 2211 1793
3050 2211 1794
3049 2210 1792
3049 2209 1792
3050 2208 1793
3050 2207 1793
3051 2207 1793
3051 2206 1800
3051 2205 1798
3051 2204 1797
3051 2203 1786
3051 2203 1785
3051 2202 1784
3051 2202 1785
3051 2201 1782
3051 2200 1782
3051 2199 1782
3051 2198 1782
3050 2197 1785
3050 2196 1784
3050 2193 1784
3050 2191 1784
3051 2190 1784
3052 2188 1798
3052 2187 1798
3052 2185 1798
3052 2185 1798
3052 2183 1788
3052 2182 1788
3052 2180 1788
3052 2179 1788
3051 2178 1786
3051 2177 1785
3051 2176 1784
3051 2175 1781
3053 2173 1780
3053 2172 1776
3053 2171 1773
3053 2169 1771
3052 2168 1763
3052 2167 1761
3052 2166 1757
3052 2165 1753
3051 2163 1751
3051 2162 1748
3051 2162 1744
3051 2161 1742
3051 2160 1739
3052 2160 1736
3052 2158 1734
3052 2157 1734
3051 2156 1740
3051 2155 1743
3051 2155 1747
3051 2155 1748
3051 2154 1748
3051 2153 1747
3051 2153 1748
3051 2152 1747
3051 2152 1746
3052 2152 1748
3052 2151 1747
3052 2151 1746
3052 2151 1742
3051 2151 1740
3051 2150 1738
3051 2151 1735
3051 2151 1731
3052 2151 1721
3052 2151 1714
3052 2151 1705
3052 2151 1696
3052 2151 1687
3052 2151 1676
3052 2151 1664
3052 2152 1650
3052 2151 1641
3052 2152 1625
3052 2152 1607
3052 2152 1591
3052 2152 1565
3052 2152 1548
3052 2152 1529
3052 2152 1512
3052 2152 1500
3053 2152 1483
3053 2152 1469
3053 2152 1456
3053 2152 1437
3053 2152 1424
3052 2152 1408
3052 2152 1391
3051 2152 1376
3051 2152 1357
3051 2152 1340
3051 2152 1325
3051 2152 1310
3051 2152 1300
3051 2152 1281
3051 2152 1261
3051 2152 1241
3052 2152 1219
3052 2152 1203
3052 2152 1187
3052 2152 1171
3052 2152 1158
3053 2153 1152
3053 2152 1145
3053 2152 1141
3051 2152 1136
3051 2152 1129
3051 2152 1125
3051 2152 1124
3051 2152 1120
3051 2152 1118
3051 2152 1117
3051 2152 1115
3050 2152 1111
3050 2153 1108
3050 2153 1106
3051 2152 1104
3050 2152 1106
3051 2152 1104
3051 2152 1102
3051 2152 1100
3052 2152 1097
3051 2152 1095
3051 2152 1094
3050 2153 1095
3050 2152 1092
3050 2152 1093
3050 2152 1095
3050 2152 1096
3051 2152 1103
3051 2152 1105
3051 2152 1107
3051 2152 1109
3052 2152 1116
3052 2152 1119
3052 2152 1122
3052 2152 1124
3052 2152 1123
3052 2152 1125
3052 2153 1123
3052 2152 1122
3051 2152 1121
3051 2152 1125
3052 2152 1126
3052 2152 1135
3052 2152 1136
3052 2152 1135
3052 2152 1128
3052 2152 1127
3051 2152 1127
3051 2152 1128
3051 2152 1129
3052 2152 1128
3052 2151 1127
3051 2151 1126
3052 2151 1133
3052 2152 1134
3051 2152 1125
3051 2151 1125
3052 2151 1124
3051 2151 1124
3051 2151 1123
3051 2151 1124
3051 2151 1123
3051 2151 1122
3051 2151 1121
3051 2151 1122
3052 2151 1122
3052 2151 1121
3052 2151 1120
3051 2150 1119
3051 2151 1118
3051 2151 1116
3051 2151 1115
3052 2151 1114
3052 2151 1115
3052 2151 1114
3052 2151 1113
3052 2151 1112
3052 2151 1111
3052 2151 1108
3051 2151 1108
3051 2151 1107
3051 2151 1108
3052 2151 1108
3051 2151 1108
3051 2151 1109
3051 2151 1111
3051 2151 1113
3051 2151 1114
3051 2151 1116
3051 2151 1117
3051 2151 1119
3052 2151 1120
3052 2151 1122
3052 2151 1124
3052 2151 1126
3052 2151 1129
3052 2151 1133
3052 2151 1136
3052 2150 1138
3052 2151 1141
3052 2151 1143
3052 2151 1147
3052 2151 1150
3052 2151 1153
3052 2151 1156
3052 2151 1158
3052 2151 1159
3052 2151 1161
3052 2151 1162
3052 2151 1161
3052 2151 1160
3052 2151 1159
3052 2151 1157
3052 2151 1156
3052 2151 1155
3052 2152 1154
3052 2152 1153
3052 2152 1150
3052 2152 1148
3052 2152 1145
3052 2152 1143
3052 2152 1140
3052 2152 1138
3052 2152 1135
3052 2152 1134
3052 2152 1130
3052 2152 1127
3052 2152 1125
3052 2152 1122
3052 2152 1119
3052 2152 1115
3052 2152 1111
3052 2152 1107
3052 2152 1103
3052 2152 1099
3052 2152 1095
3052 2153 1090
3052 2153 1086
3052 2153 1081
3052 2153 1074
3052 2153 1068
3052 2152 1061
3052 2152 1053
3052 2153 1044
3052 2153 1034
3052 2153 1022
3052 2153 1010
3052 2153 997
3052 2153 984
3052 2153 972
3052 2153 961
3052 2153 950
3052 2153 940
3052 2154 930
3052 2154 920
3052 2154 910
3052 2154 900
3052 2154 888
3052 2154 876
3052 2154 865
3051 2154 853
3051 2154 843
3051 2154 832
3051 2154 820
3050 2154 810
3050 2154 801
3050 2155 794
3049 2155 788
3048 2155 783
3047 2156 776
3047 2157 767
3046 2159 757
3045 2160 746
3042 2160 733
3042 2161 719
3039 2162 700
3039 2163 678
3036 2164 652
3036 2166 630
3034 2168 615
3032 2171 605
3029 2175 601
3025 2179 597
3020 2184 579
3015 2189 514
3010 2196 404
3004 2203 258
3000 2210 123
2996 2216 36
2996 2216 0
2996 2216 0
2988 2222 0
2984 2225 0
2979 2230 0
2975 2236 0
2972 2241 0
2969 2249 0
2966 2257 0
2969 2265 0
2972 2277 0
2975 2282 0
2981 2288 0
2988 2296 0
2994 2301 0
3001 2306 0
3011 2312 0
3019 2317 0
3028 2324 0
3036 2331 0
3045 2337 0
3049 2339 0
3053 2344 0
3058 2349 0
3063 2355 0
3069 2362 0
3074 2371 0
3077 2385 0
3084 2398 0
3090 2412 0
3098 2425 0
3258 4655 0
3258 4652 0
3255 4643 0
3251 4636 0
3251 4636 0
3246 4626 1
3236 4610 187
3229 4593 758
3223 4589 1057
3223 4588 1138
3223 4587 1184
3223 4586 1231
3223 4586 1271
3222 4586 1299
3220 4586 1272
3220 4587 1220
3216 4587 1155
3210 4589 1095
3200 4593 1059
3184 4600 1049
3163 4611 1052
3139 4625 1049
3109 4641 1053
3077 4662 1057
3045 4684 1062
3010 4708 1074
2974 4734 1084
2937 4759 1092
2898 4784 1098
2861 4810 1101
2825 4836 1102
2791 4862 1103
2762 4889 1092
2735 4915 1080
2709 4940 1059
2686 4966 1035
2663 4991 989
2642 5014 904
2623 5038 788
2608 5062 598
2595 5086 372
2582 5110 154
2582 5110 0
2582 5110 0
2576 5135 0
2574 5148 0
2572 5162 0
2571 5171 0
2572 5195 0
2577 5209 0
2585 5225 0
2595 5238 0
2609 5253 0
2618 5259 0
2649 5274 0
2663 5278 0
2683 5283 0
2707 5288 0
2734 5293 0
2763 5300 0
2795 5306 0
2811 5309 0
2842 5312 0
2873 5317 0
2890 5323 0
2909 5328 0
2928 5333 0
2950 5337 0
2971 5343 0
2993 5351 0
3016 5358 0
3039 5365 0
3064 5374 0
3089 5384 0
3114 5392 0
3139 5404 0
3163 5415 0
3188 5428 0
3211 5440 0
3235 5455 0
3257 5469 0
3276 5485 0
3308 5512 0
3332 5540 0
3347 5567 0
3404 5641 0
3404 5651 0
3402 5675 0
3379 5696 0
3380 5695 0
3383 5692 0
3383 5692 0
3385 5682 2619
3391 5668 2616
3392 5652 2606
3391 5637 2595
3385 5624 2587
3378 5611 2609
3371 5597 2608
3363 5585 2606
3352 5571 2604
3341 5557 2592
3325 5540 2584
3306 5521 2577
3283 5500 2566
3255 5476 2550
3225 5450 2539
3191 5422 2531
3156 5389 2519
3119 5355 2503
3079 5315 2492
3036 5275 2477
2993 5231 2458
2946 5185 2424
2899 5138 2368
2853 5092 2292
2807 5043 2193
2765 4995 2073
2725 4947 1930
2689 4898 1769
2654 4852 1564
2620 4805 1324
2590 4762 1062
2562 4718 747
2537 4676 456
2515 4635 202
2496 4598 47
2496 4598 0
2496 4598 0
2482 4565 0
2476 4549 0
2473 4542 0
2466 4518 0
2464 4500 0
2465 4486 0
2468 4471 0
2470 4465 0
2484 4446 0
2498 4439 0
2518 4435 0
2528 4435 0
2547 4436 0
2572 4440 0
2600 4447 0
2633 4458 0
2655 4465 0
2696 4474 0
2718 4486 0
2744 4498 0
2769 4511 0
2800 4521 0
2831 4542 0
2866 4566 0
2902 4592 0
2938 4618 0
2972 4642 0
3004 4667 0
3036 4689 0
3099 8212 0
3100 8211 0
3101 8210 0
3102 8209 0
3104 8208 0
3105 8206 0
3107 8205 0
3109 8203 0
3111 8201 0
3112 8198 0
3114 8196 0
3115 8193 0
3117 8190 0
3118 8187 0
3120 8182 0
3121 8179 0
3121 8174 0
3120 8168 0
3118 8161 0
3115 8153 0
3114 8144 0
3109 8129 0
3107 8123 0
3102 8110 0
3099 8100 0
3096 8091 0
3093 8085 0
3092 8078 0
3088 8065 0
3087 8062 0
3085 8058 0
3082 8049 0
3080 8042 0
3077 8039 0
3074 8035 0
3073 8030 0
3070 8028 0
3060 8017 0
3060 8017 0
3060 8017 0
3060 8017 0
3060 8017 81
3061 8017 96
3061 8016 114
3061 8015 140
3061 8015 169
3061 8015 199
3060 8015 227
3060 8015 238
3061 8015 230
3061 8016 214
3061 8016 197
3061 8016 180
3061 8017 166
3061 8017 154
3061 8018 143
3061 8018 134
3060 8020 126
3060 8021 120
3060 8021 116
3060 8022 113
3060 8022 112
3060 8023 114
3058 8025 117
3058 8027 123
3058 8028 134
3057 8031 145
3057 8035 161
3055 8038 179
3054 8041 200
3052 8047 225
3051 8052 251
3050 8058 272
3050 8063 286
3050 8066 292
3050 8072 296
3049 8076 298
3049 8079 307
3048 8085 333
3048 8091 377
3047 8098 430
3046 8105 490
3046 8114 532
3045 8122 566
3045 8129 593
3045 8137 608
3045 8143 625
3045 8150 636
3044 8155 652
3044 8165 689
3042 8175 732
3042 8187 767
3041 8197 800
3039 8207 818
3038 8216 844
3036 8225 879
3036 8236 918
3036 8247 952
3036 8259 984
3036 8272 1023
3036 8285 1053
3036 8299 1082
3036 8313 1101
3038 8326 1113
3038 8339 1128
3038 8353 1148
3039 8367 1169
3038 8382 1188
3038 8396 1216
3038 8412 1248
3039 8428 1276
3039 8443 1300
3039 8458 1312
3041 8473 1325
3042 8488 1342
3042 8505 1377
3042 8524 1401
3044 8542 1417
3045 8559 1434
3045 8574 1445
3046 8588 1461
3046 8602 1474
3047 8616 1481
3047 8629 1480
3048 8640 1488
3048 8651 1497
3048 8661 1510
3048 8671 1522
3047 8683 1537
3046 8694 1553
3046 8705 1563
3044 8715 1569
3044 8724 1568
3042 8732 1570
3042 8739 1571
3042 8746 1575
3041 8752 1582
3039 8760 1597
3038 8769 1614
3036 8777 1628
3036 8786 1643
3034 8794 1648
3033 8800 1652
3031 8808 1659
3028 8815 1669
3026 8824 1682
3025 8833 1692
3023 8840 1700
3023 8848 1709
3020 8854 1714
3020 8861 1722
3017 8867 1727
3016 8874 1727
3015 8880 1730
3013 8886 1731
3012 8891 1733
3011 8897 1740
3010 8901 1743
3009 8905 1746
3007 8910 1747
3006 8914 1750
3004 8919 1755
3004 8924 1767
3003 8929 1781
3001 8934 1796
3001 8940 1813
3000 8946 1826
2999 8951 1838
2998 8955 1849
2996 8960 1860
2995 8965 1880
2994 8971 1914
2993 8979 1950
2993 8987 1984
2992 8995 2015
2991 9003 2035
2990 9011 2053
2988 9020 2080
2988 9029 2100
2988 9038 2122
2987 9047 2141
2988 9057 2156
2987 9066 2171
2987 9077 2181
2985 9088 2194
2985 9099 2206
2984 9111 2218
2984 9124 2233
2982 9137 2243
2982 9150 2262
2982 9163 2268
2981 9174 2271
2981 9185 2274
2980 9197 2270
2978 9207 2273
2977 9217 2277
2976 9228 2280
2976 9238 2280
2975 9248 2288
2974 9259 2298
2972 9270 2312
2969 9282 2327
2968 9293 2337
2966 9304 2345
2966 9316 2351
2966 9328 2360
2966 9340 2384
2965 9353 2395
2963 9366 2409
2963 9380 2424
2962 9393 2436
2962 9407 2452
2962 9421 2464
2962 9435 2474
2961 9448 2472
2962 9462 2478
2962 9474 2485
2962 9485 2489
2963 9496 2491
2963 9505 2491
2963 9516 2492
2962 9528 2497
2961 9541 2497
2960 9555 2511
2958 9570 2530
2957 9586 2546
2956 9602 2568
2955 9618 2577
2955 9633 2580
2954 9648 2584
2953 9663 2576
2952 9677 2577
2950 9691 2579
2950 9705 2579
2947 9719 2593
2947 9733 2595
2945 9747 2598
2944 9762 2601
2943 9777 2601
2940 9793 2606
2939 9809 2609
2937 9827 2614
2934 9844 2622
2934 9860 2640
2933 9876 2648
2933 9892 2654
2931 9908 2657
2933 9923 2648
2933 9938 2649
2931 9954 2652
2931 9970 2657
2928 9986 2664
2928 10002 2669
2928 10017 2669
2928 10032 2670
2928 10047 2677
2927 10062 2678
2926 10077 2681
2924 10092 2685
2924 10107 2685
2923 10121 2688
2922 10135 2690
2922 10149 2690
2920 10162 2681
2919 10176 2683
2918 10188 2680
2915 10201 2681
2915 10214 2693
2915 10226 2693
2914 10239 2698
2912 10253 2703
2912 10266 2704
2909 10279 2709
2908 10293 2714
2907 10305 2717
2905 10316 2720
2904 10328 2733
2903 10341 2740
2902 10354 2750
2901 10368 2760
2900 10382 2750
2900 10396 2760
2901 10410 2770
2901 10425 2778
2901 10439 2806
2901 10454 2814
2902 10469 2822
2903 10482 2829
2904 10495 2824
2904 10507 2829
2905 10517 2831
2906 10528 2836
2904 10540 2847
2905 10552 2857
2905 10564 2867
2906 10578 2878
2909 10590 2881
2911 10604 2883
2912 10617 2884
2912 10629 2884
2914 10642 2891
2915 10653 2896
2917 10664 2903
2918 10675 2908
2919 10685 2908
2919 10695 2913
2919 10704 2915
2919 10713 2916
2920 10721 2921
2920 10729 2925
2920 10736 2925
2920 10744 2926
2919 10753 2928
2921 10761 2930
2921 10768 2933
2921 10774 2937
2921 10781 2938
2921 10789 2942
2921 10797 2945
2921 10807 2952
2921 10816 2955
2922 10825 2965
2923 10833 2970
2923 10841 2974
2924 10847 2976
2923 10853 2974
2924 10859 2976
2924 10865 2976
2925 10871 2977
2923 10876 2976
2924 10881 2977
2924 10885 2979
2924 10888 2981
2925 10892 2993
2925 10896 2994
2925 10901 2998
2926 10905 3003
2928 10910 3005
2928 10914 3010
2928 10920 3015
2928 10925 3017
2927 10929 3015
2928 10934 3020
2928 10939 3025
2930 10944 3032
2933 10949 3041
2934 10954 3048
2934 10958 3053
2936 10962 3055
2936 10966 3056
2934 10970 3063
2936 10975 3063
2937 10980 3067
2937 10985 3070
2939 10989 3077
2940 10993 3081
2940 10996 3084
2940 10999 3086
2940 11003 3082
2941 11006 3084
2941 11009 3086
2942 11013 3089
2940 11016 3087
2940 11019 3091
2940 11023 3094
2941 11027 3101
2943 11033 3112
2944 11038 3119
2944 11044 3124
2945 11050 3128
2945 11056 3129
2945 11062 3133
2946 11068 3135
2946 11073 3138
2947 11079 3135
2947 11084 3138
2947 11090 3140
2947 11095 3142
2947 11101 3149
2949 11106 3149
2949 11111 3150
2949 11116 3150
2950 11121 3145
2950 11125 3147
2950 11129 3147
2950 11133 3147
2949 11137 3147
2950 11141 3150
2950 11146 3152
2950 11152 3152
2950 11157 3154
2950 11162 3157
2950 11167 3157
2950 11172 3159
2950 11177 3163
2950 11181 3154
2950 11185 3157
2950 11188 3157
2950 11192 3157
2953 11195 3163
2953 11198 3161
2953 11201 3164
2953 11205 3164
2952 11208 3171
2952 11213 3175
2952 11218 3177
2953 11223 3180
2953 11228 3203
2953 11234 3210
2954 11239 3214
2954 11246 3217
2955 11252 3200
2956 11258 3200
2956 11263 3200
2956 11268 3200
2956 11273 3193
2956 11277 3191
2956 11282 3191
2956 11286 3191
2956 11291 3193
2957 11295 3194
2957 11300 3194
2957 11305 3194
2957 11311 3194
2956 11317 3198
2956 11323 3200
2956 11330 3200
2956 11336 3200
2957 11343 3203
2957 11351 3205
2958 11359 3210
2958 11368 3214
2959 11377 3212
2960 11386 3216
2961 11394 3216
2962 11402 3219
2963 11409 3217
2963 11415 3217
2963 11422 3219
2963 11428 3221
2963 11435 3210
2963 11441 3212
2965 11447 3214
2965 11456 3214
2966 11464 3237
2966 11474 3242
2968 11484 3248
2969 11494 3253
2969 11505 3248
2972 11516 3251
2974 11526 3255
2976 11536 3256
2979 11547 3258
2980 11556 3262
2982 11565 3262
2982 11574 3264
2984 11583 3267
2985 11592 3269
2987 11601 3269
2988 11610 3269
2988 11618 3269
2990 11627 3276
2991 11635 3278
2992 11645 3278
2992 11654 3278
2993 11663 3262
2994 11673 3264
2995 11683 3264
2996 11692 3264
2999 11701 3272
2999 11711 3272
3001 11722 3272
3001 11732 3274
3001 11743 3267
3001 11752 3269
3003 11763 3271
3004 11772 3271
3007 11783 3294
3010 11793 3294
3012 11803 3296
3015 11815 3299
3016 11825 3276
3019 11835 3280
3020 11846 3280
3023 11855 3281
3027 11865 3289
3031 11876 3290
3034 11887 3292
3036 11898 3294
3041 11908 3294
3042 11917 3294
3045 11927 3294
3046 11937 3294
3048 11947 3296
3051 11959 3303
3052 11970 3307
3054 11980 3307
3055 11991 3305
3058 12001 3321
3058 12011 3319
3060 12021 3321
3061 12031 3323
3061 12041 3303
3063 12052 3307
3064 12062 3312
3066 12073 3317
3069 12082 3321
3070 12094 3323
3071 12105 3323
3071 12117 3321
3070 12131 3330
3070 12144 3328
3071 12157 3328
3071 12169 3328
3072 12180 3317
3072 12191 3321
3072 12202 3319
3072 12212 3319
3072 12221 3326
3071 12230 3325
3071 12239 3326
3071 12249 3326
3069 12259 3321
3069 12268 3321
3070 12277 3321
3070 12284 3323
3072 12292 3323
3073 12298 3325
3074 12306 3326
3076 12311 3326
3077 12317 3326
3077 12323 3323
3079 12328 3325
3080 12333 3325
3080 12338 3325
3080 12342 3316
3082 12347 3317
3083 12351 3319
3084 12354 3325
3085 12356 3344
3085 12358 3348
3086 12360 3352
3087 12362 3355
3087 12363 3359
3088 12364 3364
3088 12364 3370
3089 12364 3379
3089 12365 3390
3089 12365 3403
3090 12365 3412
3090 12365 3421
3090 12364 3428
3090 12364 3439
3090 12363 3452
3090 12363 3467
3090 12362 3489
3092 12362 3502
3092 12362 3515
3093 12362 3524
3096 12361 3528
3098 12361 3537
3101 12360 3548
3104 12360 3557
3106 12360 3565
3109 12359 3567
3112 12358 3572
3117 12357 3578
3122 12356 3584
3126 12355 3614
3130 12354 3621
3134 12353 3629
3138 12352 3632
3141 12352 3644
3144 12349 3649
3147 12349 3657
3150 12349 3664
3153 12348 3647
3158 12348 3649
3162 12348 3649
3168 12347 3647
3176 12346 3659
3181 12346 3657
3188 12345 3655
3194 12345 3655
3198 12346 3630
3204 12346 3632
3210 12346 3632
3216 12346 3632
3223 12346 3640
3231 12346 3636
3239 12347 3636
3247 12349 3636
3256 12349 3640
3266 12352 3642
3277 12354 3640
3288 12355 3640
3297 12358 3638
3308 12360 3647
3317 12362 3647
3327 12364 3649
3336 12367 3649
3346 12371 3646
3354 12374 3646
3365 12378 3644
3377 12381 3642
3390 12384 3638
3403 12387 3638
3416 12391 3640
3429 12395 3640
3441 12400 3640
3454 12404 3638
3468 12409 3638
3481 12412 3638
3494 12418 3640
3511 12423 3640
3525 12428 3640
3541 12434 3640
3555 12438 3664
3569 12444 3664
3583 12449 3664
3596 12454 3663
3611 12459 3653
3623 12463 3655
3634 12468 3653
3646 12473 3657
3657 12476 3642
3668 12481 3642
3678 12484 3644
3689 12488 3644
3700 12491 3647
3710 12494 3651
3721 12497 3653
3732 12501 3651
3741 12504 3651
3752 12507 3653
3763 12509 3651
3773 12511 3657
3785 12514 3659
3798 12516 3657
3808 12518 3663
3817 12520 3663
3825 12521 3666
3831 12523 3663
3842 12524 3666
3852 12524 3663
3861 12525 3663
3875 12525 3659
3887 12526 3657
3897 12526 3661
3906 12527 3661
3918 12527 3672
3930 12526 3670
3942 12526 3666
3955 12526 3664
3967 12526 3655
3979 12525 3655
3990 12525 3657
4002 12524 3657
4013 12523 3668
4024 12522 3670
4034 12521 3670
4045 12521 3672
4056 12519 3670
4066 12518 3668
4077 12517 3670
4087 12516 3670
4096 12514 3668
4105 12513 3681
4114 12512 3681
4123 12511 3683
4133 12509 3683
4143 12508 3664
4153 12507 3664
4164 12506 3664
4176 12504 3663
4190 12501 3670
4203 12500 3668
4216 12498 3666
4229 12495 3666
4240 12493 3657
4252 12491 3659
4263 12490 3661
4274 12489 3661
4284 12487 3659
4295 12486 3661
4306 12483 3663
4317 12481 3664
4329 12478 3680
4342 12475 3678
4356 12472 3674
4371 12469 3674
4389 12465 3668
4406 12462 3668
4424 12458 3663
4441 12454 3655
4460 12450 3647
4479 12448 3651
4498 12444 3646
4517 12442 3642
4536 12438 3642
4554 12438 3629
4570 12436 3632
4585 12435 3634
4598 12434 3634
4611 12433 3630
4625 12433 3630
4640 12432 3632
4654 12432 3632
4668 12431 3640
4680 12431 3642
4692 12431 3644
4703 12431 3644
4714 12431 3636
4725 12431 3636
4736 12430 3636
4746 12430 3638
4754 12429 3646
4762 12429 3649
4769 12428 3649
4778 12428 3651
4789 12427 3649
4799 12427 3647
4809 12427 3647
4818 12425 3647
4826 12425 3647
4833 12425 3655
4839 12425 3657
4843 12425 3657
4847 12427 3653
4850 12427 3636
4853 12427 3634
4856 12427 3634
4859 12427 3636
4860 12427 3642
4864 12427 3642
4866 12427 3642
4868 12427 3642
4872 12425 3647
4873 12425 3647
4875 12425 3647
4877 12425 3647
4879 12425 3649
4879 12425 3649
4881 12425 3649
4882 12425 3649
4879 12425 3655
4881 12425 3657
4882 12425 3657
4883 12425 3657
4885 12425 3666
4887 12425 3664
4888 12425 3666
4890 12425 3664
4890 12425 3655
4892 12424 3655
4894 12424 3653
4895 12424 3655
4898 12424 3651
4898 12424 3655
4901 12424 3655
4903 12424 3655
4904 12424 3655
4908 12424 3663
4910 12424 3663
4911 12424 3663
4913 12424 3663
4914 12424 3668
4916 12424 3668
4917 12425 3668
4917 12425 3668
4920 12425 3672
4922 12425 3672
4925 12425 3672
4927 12425 3674
4930 12425 3657
4932 12425 3661
4935 12425 3661
4936 12425 3659
4935 12425 3657
4936 12425 3655
4939 12427 3657
4941 12427 3657
4945 12427 3666
4947 12427 3666
4948 12427 3666
4951 12428 3664
4952 12428 3657
4954 12428 3653
4955 12429 3651
4957 12430 3651
4958 12431 3659
4960 12432 3661
4963 12433 3657
4965 12434 3653
4970 12436 3640
4974 12438 3638
4979 12440 3634
4985 12443 3632
4991 12447 3632
4996 12450 3647
5001 12454 3649
5006 12457 3647
5012 12461 3646
5017 12465 3642
5022 12469 3640
5027 12472 3640
5031 12474 3640
5034 12476 3629
5038 12479 3630
5043 12482 3629
5049 12485 3629
5055 12488 3632
5061 12490 3629
5065 12493 3630
5070 12497 3630
5075 12501 3646
5081 12506 3646
5087 12510 3644
5092 12514 3642
5095 12518 3612
5099 12521 3610
5103 12524 3610
5105 12527 3608
5110 12530 3614
5112 12533 3614
5114 12536 3610
5116 12539 3610
5116 12541 3604
5117 12543 3606
5119 12544 3604
5120 12546 3600
5120 12548 3602
5123 12550 3597
5124 12552 3593
5125 12554 3591
5125 12556 3587
5125 12558 3587
5126 12561 3584
5127 12563 3580
5128 12565 3576
5129 12565 3563
5129 12568 3561
5130 12569 3557
5130 12570 3556
5130 12572 3559
5131 12573 3559
5132 12575 3559
5133 12577 3561
5136 12579 3554
5137 12581 3554
5139 12585 3556
5141 12589 3556
5143 12593 3561
5144 12597 3561
5147 12600 3563
5149 12603 3563
5150 12608 3569
5152 12612 3570
5155 12615 3570
5157 12620 3572
5158 12623 3572
5162 12626 3570
5165 12630 3572
5169 12634 3572
5174 12639 3574
5177 12643 3582
5182 12649 3578
5186 12654 3580
5189 12661 3574
5192 12668 3572
5197 12674 3574
5201 12679 3572
5206 12686 3576
5211 12691 3595
5214 12695 3593
5216 12697 3595
5218 12699 3597
5220 12701 3580
5222 12703 3582
5224 12706 3584
5226 12709 3582
5228 12713 3582
5230 12716 3582
5231 12720 3580
5233 12724 3578
5234 12728 3570
5235 12732 3570
5237 12737 3570
5240 12742 3567
5243 12749 3574
5245 12757 3572
5247 12764 3567
5247 12771 3563
5250 12778 3548
5251 12784 3539
5251 12791 3533
5252 12798 3529
5251 12805 3529
5252 12813 3528
5252 12822 3528
5253 12831 3528
5253 12841 3524
5253 12850 3524
5254 12859 3524
5254 12869 3524
5254 12879 3526
5254 12889 3520
5254 12900 3520
5254 12912 3522
5254 12925 3524
5255 12938 3528
5254 12952 3526
5253 12965 3524
5253 12979 3522
5253 12993 3529
5252 13008 3529
5251 13021 3529
5250 13036 3528
5246 13052 3518
5244 13067 3518
5241 13083 3518
5241 13098 3520
5243 13113 3516
5241 13130 3516
5240 13144 3516
5238 13162 3518
5235 13181 3537
5233 13198 3539
5232 13215 3537
5231 13233 3535
5230 13252 3520
5228 13271 3518
5228 13289 3520
5227 13307 3518
5226 13323 3518
5225 13339 3516
5224 13355 3518
5224 13373 3520
5222 13392 3524
5224 13411 3522
5225 13429 3522
5225 13446 3522
5228 13464 3522
5228 13482 3529
5228 13498 3529
5228 13516 3531
5230 13532 3531
5231 13548 3539
5232 13566 3539
5233 13583 3537
5233 13602 3537
5232 13621 3526
5233 13640 3524
5234 13659 3522
5235 13677 3522
5239 13695 3520
5239 13715 3522
5239 13733 3522
5239 13752 3520
5239 13770 3526
5239 13789 3524
5240 13806 3524
5241 13823 3526
5239 13842 3537
5240 13861 3539
5239 13881 3537
5238 13899 3537
5239 13920 3511
5238 13938 3515
5238 13956 3520
5238 13974 3524
5236 13992 3539
5237 14011 3535
5236 14031 3535
5236 14050 3535
5238 14068 3535
5238 14085 3539
5238 14103 3539
5239 14121 3539
5239 14138 3537
5238 14153 3537
5238 14171 3539
5238 14187 3539
5238 14203 3541
5240 14221 3537
5240 14237 3537
5241 14255 3537
5241 14275 3535
5243 14295 3541
5244 14314 3539
5244 14332 3539
5245 14351 3541
5247 14369 3563
5247 14387 3565
5247 14405 3563
5247 14425 3563
5246 14444 3537
5247 14464 3537
5247 14482 3537
5247 14500 3535
5246 14518 3522
5246 14536 3520
5246 14556 3520
5246 14575 3518
5247 14591 3541
5247 14608 3541
5247 14624 3539
5249 14638 3537
5247 14656 3528
5247 14673 3531
5247 14691 3531
5249 14710 3533
5250 14731 3531
5252 14750 3533
5254 14770 3535
5257 14788 3539
5259 14809 3542
5262 14827 3531
5265 14845 3529
5268 14862 3528
5271 14880 3522
5274 14895 3516
5276 14913 3516
5279 14930 3518
5281 14947 3518
5284 14964 3531
5285 14979 3531
5289 14993 3531
5292 15010 3535
5298 15026 3515
5302 15041 3518
5306 15059 3518
5310 15076 3518
5311 15092 3533
5316 15111 3531
5321 15130 3533
5326 15149 3533
5332 15168 3541
5336 15186 3542
5341 15205 3542
5346 15222 3539
5349 15241 3526
5355 15259 3518
5360 15274 3515
5364 15292 3515
5368 15309 3522
5371 15326 3524
5374 15343 3524
5378 15359 3524
5381 15374 3528
5385 15391 3537
5387 15407 3539
5390 15422 3537
5393 15439 3537
5395 15455 3529
5397 15470 3529
5400 15486 3531
5403 15502 3529
5406 15520 3539
5408 15536 3541
5410 15553 3539
5412 15571 3537
5412 15588 3522
5415 15605 3522
5417 15622 3518
5419 15638 3518
5418 15653 3502
5421 15669 3500
5422 15684 3504
5424 15700 3502
5430 15717 3531
5431 15732 3531
5433 15749 3529
5435 15764 3531
5437 15778 3507
5438 15793 3505
5438 15806 3505
5441 15822 3504
5444 15836 3513
5444 15851 3513
5446 15865 3509
5447 15878 3509
5446 15890 3520
5448 15902 3520
5449 15913 3520
5449 15927 3522
5449 15942 3516
5450 15957 3520
5450 15974 3522
5450 15990 3522
5450 16006 3522
5450 16023 3524
5450 16038 3524
5450 16055 3524
5449 16072 3524
5448 16088 3516
5447 16104 3518
5447 16120 3518
5446 16136 3520
5448 16153 3522
5447 16169 3522
5448 16185 3520
5449 16203 3518
5450 16217 3518
5450 16233 3516
5450 16247 3516
5450 16259 3515
5450 16273 3518
5452 16285 3518
5454 16299 3516
5455 16311 3516
5456 16325 3509
5459 16337 3511
5461 16350 3513
5463 16362 3515
5467 16375 3522
5471 16387 3520
5474 16399 3522
5478 16411 3524
5481 16421 3528
5485 16433 3533
5490 16442 3539
5495 16452 3544
5503 16462 3544
5509 16471 3548
5516 16480 3552
5523 16488 3559
5530 16496 3567
5538 16503 3582
5546 16510 3587
5556 16516 3593
5565 16521 3606
5574 16525 3606
5584 16528 3621
5596 16531 3634
5609 16533 3642
5628 16535 3655
5643 16536 3659
5659 16538 3659
5676 16539 3661
5692 16541 3664
5711 16542 3659
5730 16542 3657
5753 16542 3653
5774 16541 3651
5797 16539 3655
5822 16538 3655
5846 16536 3659
5869 16535 3655
5894 16534 3653
5917 16534 3659
5941 16534 3659
5965 16533 3657
5989 16533 3661
6013 16532 3661
6037 16531 3661
6060 16531 3664
6087 16531 3683
6113 16531 3687
6139 16530 3695
6164 16530 3691
6187 16529 3691
6212 16529 3693
6236 16529 3697
6259 16529 3704
6281 16530 3693
6304 16529 3695
6329 16530 3689
6354 16530 3699
6381 16530 3714
6405 16530 3725
6428 16530 3735
6452 16531 3739
6473 16531 3754
6496 16532 3754
6517 16532 3752
6541 16533 3754
6565 16534 3733
6590 16536 3733
6614 16538 3741
6639 16540 3741
6663 16543 3741
6689 16545 3737
6716 16548 3744
6745 16550 3742
6773 16554 3750
6800 16558 3758
6827 16562 3754
6854 16566 3756
6880 16570 3752
6905 16573 3748
6931 16577 3748
6955 16581 3754
6980 16585 3760
7003 16590 3767
7026 16594 3765
7050 16597 3771
7071 16600 3773
7094 16603 3773
7114 16605 3779
7134 16608 3779
7153 16611 3781
7172 16613 3796
7190 16615 3806
7208 16617 3812
7225 16619 3819
7241 16621 3808
7255 16623 3808
7273 16623 3808
7289 16625 3806
7307 16625 3810
7324 16627 3813
7341 16629 3819
7357 16630 3821
7371 16631 3825
7390 16632 3821
7406 16634 3819
7422 16636 3819
7440 16638 3819
7457 16640 3819
7472 16642 3821
7488 16644 3821
7503 16646 3825
7516 16647 3835
7530 16648 3837
7544 16648 3843
7556 16650 3844
7567 16650 3835
7579 16652 3835
7591 16654 3835
7602 16654 3833
7612 16655 3841
7622 16656 3843
7634 16656 3846
7643 16656 3846
7654 16656 3843
7662 16657 3844
7672 16657 3844
7683 16657 3844
7693 16657 3843
7701 16657 3841
7710 16657 3841
7719 16657 3839
7727 16656 3844
7737 16656 3839
7746 16655 3839
7754 16654 3841
7761 16653 3844
7769 16653 3841
7774 16652 3846
7781 16650 3850
7787 16650 3850
7794 16648 3858
7800 16648 3856
7809 16646 3854
7816 16645 3852
7825 16644 3856
7834 16642 3850
7841 16640 3848
7850 16637 3844
7860 16635 3841
7869 16633 3843
7876 16631 3843
7885 16629 3846
7891 16625 3854
7899 16623 3856
7907 16621 3858
7913 16619 3862
7919 16617 3872
7926 16615 3876
7933 16613 3879
7939 16611 3879
7947 16610 3881
7953 16608 3881
7963 16606 3877
7971 16604 3877
7980 16602 3862
7990 16600 3860
7998 16598 3862
8005 16596 3864
8013 16595 3864
8018 16593 3864
8026 16591 3864
8032 16589 3862
8040 16587 3862
8049 16586 3864
8055 16584 3864
8063 16583 3866
8069 16582 3864
8075 16581 3848
8080 16580 3846
8086 16579 3848
8091 16578 3846
8099 16577 3860
8104 16575 3860
8108 16573 3860
8113 16573 3860
8114 16572 3862
8117 16571 3864
8123 16571 3864
8128 16570 3864
8132 16569 3872
8138 16568 3872
8142 16567 3872
8145 16566 3876
8149 16565 3872
8155 16564 3874
8159 16563 3874
8165 16562 3874
8169 16561 3868
8175 16560 3870
8179 16559 3870
8183 16558 3872
8189 16557 3874
8192 16556 3870
8197 16555 3870
8201 16554 3870
8205 16553 3872
8210 16553 3870
8214 16552 3868
8218 16550 3864
8224 16550 3864
8229 16548 3887
8234 16548 3887
8239 16547 3889
8244 16547 3887
8246 16546 3866
8251 16545 3866
8256 16544 3868
8260 16543 3870
8268 16543 3879
8273 16542 3883
8278 16541 3883
8284 16540 3887
8286 16539 3881
8290 16538 3877
8295 16537 3877
8299 16537 3877
8302 16536 3870
8307 16535 3874
8311 16534 3874
8318 16533 3876
8323 16533 3885
8329 16532 3887
8334 16531 3889
8340 16530 3883
8345 16529 3887
8349 16529 3879
8356 16528 3877
8361 16527 3881
8367 16527 3877
8372 16525 3885
8375 16523 3883
8380 16523 3881
8383 16521 3881
8387 16521 3872
8390 16520 3872
8393 16520 3870
8396 16519 3870
8399 16518 3872
8400 16517 3872
8403 16516 3874
8404 16515 3872
8406 16515 3864
8407 16515 3858
8408 16514 3856
8409 16514 3852
8411 16514 3868
8412 16514 3868
8412 16514 3864
8412 16514 3862
8412 16513 3860
8412 16513 3852
8412 16513 3839
8412 16513 3821
8412 16513 3760
8411 16513 3685
8412 16513 3582
8412 16512 3441
8413 16512 3274
8413 16511 3067
8415 16509 2798
8416 16507 2413
8418 16503 1861
8420 16498 1137
8423 16490 283
8423 16490 0
8423 16490 0
8431 16488 0
8433 16487 0
8440 16482 0
8447 16477 0
8455 16471 0
8464 16465 0
8469 16461 0
8476 16452 0
8486 16440 0
8497 16428 0
8504 16421 0
8512 16413 0
8523 16404 0
8533 16396 0
8543 16389 0
8548 16385 0
8554 16382 0
8561 16378 0
8573 16375 0
8585 16371 0
8598 16369 0
8609 16365 0
8621 16363 0
7772 16483 0
7772 16484 0
7773 16484 0
7774 16485 0
7774 16485 0
7778 16487 0
7782 16490 0
7786 16492 0
7789 16494 0
7794 16496 0
7797 16500 0
7800 16503 0
7805 16506 0
7810 16509 0
7813 16513 0
7818 16516 0
7823 16520 0
7826 16523 0
7829 16528 0
7833 16531 0
7836 16534 0
7838 16537 0
7840 16540 0
7844 16543 0
7846 16545 0
7849 16547 0
7851 16550 0
7853 16552 0
7857 16553 0
7860 16555 0
7862 16557 0
7864 16558 0
7866 16559 0
7870 16560 0
7872 16561 0
7874 16562 0
7876 16563 0
7878 16563 0
7881 16563 0
7883 16564 0
7885 16564 0
7887 16564 0
7888 16564 0
7890 16564 0
7892 16563 0
7895 16563 0
7897 16563 0
7899 16562 0
7901 16561 0
7903 16560 0
7905 16560 0
7908 16559 0
7911 16558 0
7913 16557 0
7915 16556 0
7919 16555 0
7922 16554 0
7925 16553 0
7927 16552 0
7930 16550 0
7935 16550 0
7939 16548 0
7942 16548 0
7947 16547 0
7951 16546 0
7955 16545 0
7960 16544 0
7964 16543 0
7971 16541 0
7976 16540 0
7981 16538 0
7988 16537 0
7993 16535 0
8000 16533 0
8006 16531 0
8014 16529 0
8021 16527 0
8028 16525 0
8036 16523 0
8043 16521 0
8052 16519 0
8061 16516 0
8068 16513 0
8078 16510 0
8087 16507 0
8099 16502 0
8125 16490 0
8136 16485 0
8148 16478 0
8159 16471 0
8170 16464 0
8192 16448 0
8205 16437 0
8213 16429 0
8221 16414 0
8220 16409 0
8218 16403 0
8212 16382 0
8212 16383 0
8210 16383 0
8210 16383 0
8210 16383 1017
8210 16383 1067
8209 16383 1092
8208 16382 1116
8208 16382 1138
8208 16381 1155
8207 16382 1162
8205 16382 1166
8200 16384 1174
8190 16386 1189
8173 16391 1227
8149 16398 1301
8119 16409 1387
8085 16421 1489
8044 16436 1580
8003 16452 1639
7961 16470 1692
7916 16489 1731
7875 16509 1784
7827 16531 1832
7780 16550 1876
7730 16570 1906
7680 16590 1917
7630 16609 1924
7582 16629 1924
7534 16648 1932
7485 16668 1939
7438 16687 1951
7389 16706 1962
7342 16724 1965
7299 16740 1966
7260 16755 1929
7223 16768 1845
7187 16781 1691
7152 16792 1455
7120 16802 1112
7088 16811 767
7056 16818 491
7026 16824 234
6999 16829 70
6999 16829 0
6999 16829 0
6976 16832 0
6965 16833 0
6959 16833 0
6941 16832 0
6929 16829 0
6918 16824 0
6908 16818 0
6901 16808 0
6895 16797 0
6893 16782 0
6894 16766 0
6897 16757 0
6901 16742 0
6909 16723 0
6913 16712 0
6929 16684 0
6936 16671 0
6946 16656 0
6958 16634 0
6972 16609 0
6987 16585 0
7010 16561 0
7035 16537 0
7061 16512 0
7088 16488 0
7116 16464 0
7145 16440 0
7174 16418 0
7202 16396 0
7241 16361 0
7275 16335 0
7304 16312 0
7331 16292 0
7378 16259 0
7393 16247 0
7406 16235 0
7426 16209 0
7425 16209 0
7425 16209 0
7425 16209 0
7424 16209 2377
7422 16209 2378
7418 16209 2375
7412 16209 2377
7397 16209 2387
7376 16209 2406
7345 16211 2438
7310 16217 2489
7269 16227 2546
7227 16237 2598
7181 16251 2633
7135 16263 2656
7086 16278 2677
7036 16292 2693
6983 16306 2714
6930 16319 2729
6873 16334 2730
6815 16348 2738
6756 16361 2752
6694 16373 2748
6632 16385 2747
6574 16396 2724
6513 16408 2649
6454 16419 2554
6395 16429 2426
6339 16439 2237
6287 16448 2003
6238 16458 1694
6195 16468 1285
6153 16477 752
6111 16486 326
6072 16493 80
6072 16493 0
6072 16493 0
6034 16498 0
6017 16501 0
5996 16504 0
5988 16505 0
5961 16508 0
5944 16509 0
5925 16509 0
5908 16508 0
5893 16505 0
5880 16501 0
5868 16496 0
5865 16492 0
5862 16486 0
5860 16478 0
5861 16469 0
5863 16459 0
5869 16448 0
5872 16444 0
5882 16432 0
5890 16421 0
5898 16413 0
5904 16405 0
5908 16398 0
5912 16393 0
5912 16388 0
5908 16379 0
5905 16378 0
5893 16373 0
5838 16358 0
5837 16358 0
5837 16358 0
5837 16358 0
5836 16355 2345
5831 16350 2441
5821 16340 2491
5805 16329 2516
5781 16315 2528
5757 16305 2541
5730 16294 2547
5703 16285 2549
5675 16279 2558
5645 16273 2565
5615 16267 2569
5584 16262 2573
5555 16258 2576
5524 16253 2554
5493 16248 2485
5461 16242 2340
5430 16236 2086
5400 16232 1713
5374 16227 1195
5352 16221 598
5332 16215 80
5332 16215 0
5332 16215 0
5314 16208 0
5310 16206 0
5298 16199 0
5294 16194 0
5291 16186 0
5291 16179 0
5292 16169 0
5300 16158 0
5304 16153 0
5311 16142 0
5323 16131 0
5332 16124 0
5354 16106 0
5365 16098 0
5376 16090 0
5389 16082 0
5402 16074 0
5416 16065 0
5427 16060 0
5448 16052 0
5469 16047 0
5492 16042 0
5514 16035 0
5538 16031 0
5561 16025 0
5584 16018 0
5607 16011 0
5628 16006 0
5649 16001 0
5668 15995 0
5684 15990 0
5696 15986 0
5710 15978 0
5722 15973 0
5730 15971 0
5738 15971 0
5732 15974 0
5714 15979 0
5665 15990 0
5546 15981 0
5544 15980 0
5544 15980 0
5538 15972 2881
5527 15959 2913
5512 15946 2931
5491 15929 2943
5468 15917 2950
5444 15905 2950
5419 15895 2950
5395 15884 2952
5372 15875 2948
5349 15863 2921
5326 15853 2829
5304 15840 2633
5283 15827 2279
5263 15813 1746
5244 15799 993
5228 15782 307
5228 15782 0
5228 15782 0
5215 15764 0
5209 15752 0
5205 15738 0
5205 15722 0
5206 15701 0
5211 15678 0
5218 15651 0
5228 15623 0
5236 15605 0
5249 15580 0
5266 15549 0
5276 15530 0
5304 15487 0
5319 15457 0
5344 15421 0
5361 15403 0
5380 15383 0
5400 15363 0
5422 15341 0
5446 15319 0
5471 15295 0
5497 15274 0
5525 15251 0
5551 15231 0
5576 15210 0
5601 15191 0
5626 15171 0
5668 15137 0
5703 15107 0
5740 15070 0
5765 15044 0
5776 15029 0
5772 15010 0
5662 15012 0
5660 15012 0
5660 15011 0
5660 15011 0
5653 15006 2849
5641 14995 2888
5620 14980 2915
5589 14961 2935
5552 14939 2950
5506 14917 2964
5454 14899 2972
5400 14879 2977
5342 14860 2982
5285 14837 2984
5224 14813 2986
5161 14787 2988
5097 14758 2970
5031 14727 2911
4965 14695 2779
4900 14663 2552
4833 14632 2234
4771 14600 1814
4714 14566 1289
4663 14532 681
4617 14498 213
4617 14498 0
4617 14498 0
4574 14464 0
4555 14448 0
4536 14427 0
4519 14406 0
4503 14380 0
4492 14355 0
4482 14326 0
4477 14297 0
4476 14265 0
4482 14232 0
4493 14203 0
4511 14174 0
4521 14160 0
4540 14142 0
4565 14120 0
4596 14098 0
4632 14076 0
4672 14058 0
4714 14040 0
4758 14031 0
4812 14023 0
4868 14013 0
4926 14003 0
4986 13995 0
5046 13987 0
5108 13979 0
5169 13973 0
5231 13968 0
5288 13965 0
5346 13962 0
5399 13961 0
5447 13962 0
5490 13963 0
5529 13966 0
5570 13973 0
5602 13979 0
5654 13992 0
5669 14006 0
5668 14004 0
5668 14003 0
5668 14003 0
5665 13999 3015
5656 13987 3029
5640 13967 3030
5614 13939 3036
5577 13904 3041
5530 13867 3046
5473 13827 3048
5409 13789 3048
5339 13748 3044
5265 13704 3039
5187 13658 3041
5104 13610 3041
5018 13560 3037
4924 13510 3037
4828 13459 3027
4730 13409 3015
4629 13360 2998
4530 13311 2938
4430 13262 2824
4332 13212 2643
4236 13165 2384
4147 13119 2073
4064 13075 1707
3992 13031 1353
3930 12989 1028
3877 12950 771
3834 12915 569
3801 12884 405
3778 12856 268
3761 12831 154
3755 12809 48
3755 12809 0
3755 12809 0
3757 12785 0
3760 12774 0
3765 12768 0
3785 12750 0
3804 12737 0
3831 12724 0
3865 12710 0
3905 12700 0
3952 12688 0
4007 12679 0
4069 12670 0
4133 12663 0
4167 12660 0
4224 12657 0
4299 12654 0
4377 12652 0
4457 12652 0
4540 12654 0
4622 12658 0
4705 12661 0
4784 12671 0
4863 12681 0
4938 12692 0
5059 12719 0
5125 12734 0
5359 12793 0
5362 12793 0
5367 12796 0
5367 12796 0
5378 12798 2654
5389 12800 2696
5399 12801 2747
5399 12800 2770
5393 12797 2773
5385 12795 2770
5370 12791 2766
5346 12786 2763
5313 12781 2765
5271 12778 2773
5220 12775 2789
5161 12771 2816
5091 12765 2844
5012 12758 2871
4927 12749 2889
4837 12737 2893
4739 12724 2893
4637 12710 2883
4530 12694 2876
4420 12677 2867
4306 12657 2837
4192 12635 2776
4078 12612 2654
3966 12588 2477
3861 12563 2270
3763 12539 2057
3669 12514 1862
3581 12492 1683
3499 12471 1523
3424 12450 1384
3357 12431 1251
3297 12412 1131
3246 12394 1003
3201 12378 870
3165 12362 695
3134 12349 490
3112 12338 279
3093 12328 98
3093 12328 0
3093 12328 0
3082 12321 0
3080 12317 0
3079 12311 0
3083 12308 0
3090 12302 0
3106 12294 0
3125 12285 0
3152 12276 0
3185 12266 0
3228 12255 0
3252 12250 0
3282 12247 0
3344 12237 0
3411 12229 0
3482 12225 0
3560 12222 0
3638 12219 0
3719 12216 0
3808 12215 0
3890 12216 0
3974 12219 0
4057 12222 0
4136 12230 0
4216 12238 0
4293 12259 0
4366 12269 0
4428 12295 0
4540 12342 0
4593 12364 0
4640 12387 0
4767 12470 0
4766 12470 0
4766 12470 0
4766 12470 0
4764 12470 2889
4762 12469 2846
4758 12468 2809
4750 12467 2803
4735 12467 2794
4709 12467 2798
4673 12466 2803
4625 12467 2822
4567 12468 2856
4498 12469 2898
4422 12471 2942
4337 12472 2981
4244 12471 3005
4149 12467 3015
4046 12462 3024
3943 12453 3020
3837 12441 3012
3729 12427 2982
3619 12411 2896
3510 12391 2747
3403 12369 2511
3297 12343 2203
3198 12315 1830
3101 12285 1417
3009 12257 1007
2922 12225 638
2839 12192 348
2765 12156 155
2698 12118 53
2637 12082 12
2637 12082 0
2637 12082 0
2585 12046 0
2562 12027 0
2535 12005 0
2512 11982 0
2490 11954 0
2472 11926 0
2455 11894 0
2446 11861 0
2438 11825 0
2439 11788 0
2450 11752 0
2468 11720 0
2496 11689 0
2528 11660 0
2568 11633 0
2612 11610 0
2660 11589 0
2714 11573 0
2772 11560 0
2801 11556 0
2846 11552 0
2903 11551 0
2965 11553 0
3074 11565 0
3131 11580 0
3184 11598 0
3364 11688 0
3366 11689 0
3370 11690 0
3370 11690 0
3377 11692 2801
3385 11693 2871
3392 11694 2871
3391 11693 2841
3385 11691 2801
3379 11689 2779
3370 11687 2773
3355 11683 2770
3334 11679 2766
3309 11673 2766
3278 11665 2766
3242 11656 2765
3201 11644 2763
3156 11629 2755
3106 11611 2742
3052 11589 2714
2992 11562 2662
2928 11532 2571
2861 11497 2429
2792 11458 2230
2722 11416 1975
2652 11370 1680
2584 11320 1364
2518 11269 1060
2458 11215 767
2401 11161 529
2350 11105 338
2306 11049 184
2264 10994 83
2232 10939 23
2232 10939 0
2232 10939 0
2206 10886 0
2198 10860 0
2190 10829 0
2189 10797 0
2191 10761 0
2199 10725 0
2213 10685 0
2232 10647 0
2257 10606 0
2290 10566 0
2328 10528 0
2372 10494 0
2420 10463 0
2448 10449 0
2491 10430 0
2547 10410 0
2616 10391 0
2687 10383 0
2724 10376 0
2765 10369 0
2807 10364 0
2852 10359 0
2896 10355 0
2942 10355 0
3029 10358 0
3111 10364 0
3184 10375 0
3249 10404 0
3304 10433 0
3395 10493 0
3418 10524 0
3431 10604 0
3431 10603 0
3430 10601 0
3430 10601 0
3428 10595 3343
3420 10584 3287
3405 10565 3228
3383 10541 3230
3351 10512 3224
3313 10479 3217
3269 10444 3212
3220 10410 3207
3169 10374 3201
3115 10337 3194
3057 10298 3187
2996 10258 3178
2931 10216 3154
2866 10172 3091
2803 10128 2984
2740 10081 2806
2681 10033 2568
2625 9984 2277
2572 9935 1909
2523 9886 1477
2480 9836 1059
2441 9786 645
2409 9737 301
2384 9688 99
2384 9688 0
2384 9688 0
2365 9641 0
2360 9619 0
2355 9592 0
2355 9568 0
2357 9540 0
2365 9514 0
2377 9485 0
2395 9460 0
2417 9433 0
2445 9409 0
2477 9389 0
2515 9372 0
2556 9358 0
2601 9349 0
2651 9342 0
2677 9341 0
2758 9339 0
2815 9343 0
2873 9349 0
2931 9359 0
2959 9365 0
3000 9376 0
3045 9389 0
3089 9405 0
3171 9439 0
3203 9458 0
3283 9509 0
3284 9507 0
3284 9507 0
3284 9500 2977
3283 9491 3010
3277 9476 3008
3264 9458 2989
3244 9436 2976
3217 9410 2967
3185 9382 2953
3150 9351 2948
3111 9318 2943
3066 9283 2938
3016 9244 2935
2962 9201 2931
2904 9155 2925
2844 9107 2916
2782 9057 2881
2721 9007 2827
2661 8956 2730
2600 8904 2593
2543 8851 2401
2486 8798 2178
2432 8745 1946
2384 8692 1716
2341 8642 1529
2305 8595 1383
2276 8550 1269
2253 8508 1194
2238 8469 1150
2229 8433 1123
2227 8404 1084
2231 8381 1033
2239 8361 926
2254 8346 772
2274 8334 620
2300 8326 471
2333 8322 360
2368 8323 291
2408 8327 243
2452 8335 200
2502 8347 152
2554 8363 90
2609 8381 41
2667 8404 14
2725 8428 4
2788 8456 3
2851 8485 13
2912 8514 46
2972 8541 132
3023 8567 297
3071 8589 529
3112 8607 804
3146 8621 1082
3175 8632 1353
3193 8639 1604
3204 8644 1848
3207 8645 2066
3206 8644 2259
3203 8642 2404
3200 8639 2491
3196 8635 2538
3188 8628 2550
3175 8618 2552
3156 8603 2547
3131 8585 2550
3100 8564 2544
3063 8537 2541
3023 8507 2538
2978 8473 2527
2931 8435 2509
2877 8396 2494
2823 8355 2471
2766 8311 2436
2711 8266 2398
2657 8218 2331
2604 8168 2233
2553 8119 2129
2506 8069 2022
2462 8022 1909
2423 7977 1821
2391 7933 1726
2365 7890 1645
2345 7851 1592
2331 7817 1550
2325 7787 1499
2323 7762 1412
2326 7744 1267
2334 7728 1061
2347 7716 784
2366 7707 518
2393 7703 309
2426 7705 165
2463 7711 94
2505 7723 51
2552 7740 15
2552 7740 0
2552 7740 0
2599 7759 0
2623 7772 0
2658 7788 0
2693 7810 0
2740 7835 0
2788 7863 0
2845 7897 0
2905 7933 0
2973 7976 0
3041 8020 0
3107 8063 0
3366 8238 0
3371 8241 0
3379 8246 0
3379 8246 0
3399 8259 304
3425 8275 437
3452 8291 545
3463 8299 702
3467 8301 913
3465 8300 1146
3461 8298 1360
3456 8295 1529
3450 8292 1664
3441 8286 1793
3425 8276 1896
3404 8263 1977
3377 8245 2029
3342 8224 2049
3302 8199 2066
3253 8168 2063
3201 8137 2056
3142 8100 2050
3077 8059 2043
3010 8015 2033
2938 7971 2018
2863 7922 1964
2785 7871 1853
2708 7818 1655
2631 7762 1370
2555 7709 1026
2480 7655 644
2408 7602 323
2341 7552 97
2341 7552 0
2341 7552 0
2279 7504 0
2249 7480 0
2214 7452 0
2181 7424 0
2145 7392 0
2114 7361 0
2081 7326 0
2054 7292 0
2026 7255 0
2003 7220 0
1997 7206 0
1993 7185 0
1991 7162 0
1991 7151 0
1994 7140 0
1999 7131 0
2004 7122 0
2009 7118 0
2015 7114 0
2025 7111 0
2045 7107 0
2067 7104 0
2086 7101 0
2106 7097 0
10914 7366 0
10914 7366 0
10926 7355 3379
10943 7342 3161
10960 7330 2957
10977 7317 2773
10978 7316 2862
10978 7314 2913
10978 7312 2959
10976 7310 2977
10973 7309 2976
10962 7311 2962
10938 7317 2952
10900 7330 2957
10846 7350 2977
10780 7378 2988
10702 7414 2993
10615 7458 2996
10521 7509 2994
10426 7569 2994
10327 7636 2993
10226 7713 2988
10123 7800 2981
10013 7896 2967
9902 7998 2955
9787 8104 2945
9668 8215 2945
9548 8330 2945
9422 8448 2943
9293 8571 2947
9159 8695 2928
9021 8824 2918
8881 8953 2918
8734 9086 2918
8584 9224 2933
8426 9362 2940
8264 9502 2942
8098 9644 2942
7929 9787 2945
7758 9932 2962
7582 10080 2979
7401 10228 3005
7217 10378 3036
7028 10528 3089
6836 10677 3140
6640 10824 3193
6437 10973 3230
6230 11122 3274
6024 11270 3330
5818 11416 3386
5614 11559 3441
5411 11700 3465
5209 11841 3480
5008 11980 3487
4805 12117 3485
4604 12253 3489
4404 12387 3480
4209 12520 3439
4020 12650 3323
3842 12773 3105
3672 12893 2680
3512 13009 1911
3364 13123 843
3364 13123 0
3364 13123 0
3227 13233 0
3166 13285 0
3130 13317 0
3036 13406 0
2975 13473 0
2931 13535 0
2909 13568 0
2893 13598 0
2888 13615 0
2883 13642 0
2881 13675 0
2882 13702 0
2886 13729 0
2893 13752 0
2915 13773 0
2942 13792 0
9759 12692 0
9759 12692 0
9683 12493 3742
9563 12209 3721
9393 11839 3678
9169 11380 3554
8957 11030 3366
8725 10669 3142
8472 10294 2862
8199 9909 2596
7910 9512 2291
7602 9107 1884
7273 8695 1378
6925 8272 849
6556 7845 355
6168 7413 22
6168 7413 0
6168 7413 0
5763 6980 0
5602 6813 0
5336 6547 0
5016 6230 0
4689 5914 0
4408 5653 0
3969 5245 0
3580 4898 0
3188 4560 0
2750 4191 0
2318 3838 0
2107 3675 0
1882 3498 0
1669 3334 0
1457 3172 0
1273 3033 0
1090 2895 0
1323 475 0
