eink
1
0,0
11844 5946 0
11844 5946 0
11844 5946 0
11804 5917 2488
11740 5869 2560
11645 5799 2672
11511 5709 2796
11371 5624 2874
11209 5536 2921
11023 5440 2928
10815 5342 2906
10591 5240 2856
10354 5135 2779
10107 5030 2694
9857 4922 2614
9599 4809 2554
9336 4696 2517
9070 4580 2483
8800 4465 2455
8531 4351 2430
8260 4240 2403
7993 4127 2384
7733 4016 2371
7480 3912 2366
7238 3813 2361
7005 3727 2366
6785 3649 2378
6581 3581 2396
6396 3525 2424
6227 3480 2446
6079 3451 2457
5951 3433 2472
5844 3430 2464
5762 3441 2443
5701 3462 2426
5660 3498 2406
5638 3545 2427
5634 3607 2472
5649 3684 2535
5685 3776 2600
5745 3883 2662
5830 4003 2727
5941 4139 2791
6079 4288 2861
6244 4450 2948
6433 4627 3036
6643 4819 3121
6874 5027 3214
7129 5249 3292
7401 5486 3364
7686 5737 3428
7983 5999 3500
8286 6276 3554
8593 6567 3623
8902 6868 3695
9207 7182 3758
9504 7504 3837
9792 7829 3895
10061 8155 3956
10316 8477 4001
10550 8790 4039
10761 9092 4067
10946 9378 4075
11102 9648 4079
11228 9898 4075
11323 10130 4075
11392 10337 4069
11431 10514 4057
11443 10660 4023
11430 10776 3960
11390 10860 3889
11325 10916 3802
11234 10943 3733
11117 10940 3680
10975 10906 3627
10806 10842 3584
10616 10745 3528
10402 10618 3472
10167 10463 3408
9913 10279 3359
9634 10068 3321
9337 9837 3285
9021 9584 3276
8691 9316 3260
8353 9042 3255
8005 8758 3269
7657 8473 3305
7308 8192 3372
6964 7922 3448
6628 7667 3541
6303 7429 3638
5993 7212 3731
5709 7018 3817
5456 6851 3891
5238 6712 3942
5056 6605 3973
4908 6529 4009
4800 6481 4031
4729 6460 4045
4692 6460 4069
4685 6484 4089
4704 6537 4095
4752 6621 4095
4832 6736 4095
4949 6882 4095
5103 7054 4095
5288 7251 4095
5507 7476 4095
5754 7730 4095
6020 8009 4095
6305 8316 4095
6596 8646 4095
6894 8994 4095
7193 9361 4095
7485 9738 4095
7772 10124 4095
8043 10507 4095
8300 10886 4095
8537 11256 4095
8748 11612 4095
8933 11954 4095
9091 12267 4095
9220 12548 4095
9317 12793 4095
9386 13001 4095
9426 13171 4095
9439 13306 4095
9432 13406 4095
9405 13473 4095
9356 13513 4095
9288 13527 4095
9195 13514 4095
9079 13473 4095
8939 13405 4095
8771 13306 4095
8580 13176 4095
8362 13019 4095
8123 12836 4095
7863 12627 4095
7579 12402 4095
7282 12162 4095
6974 11917 4095
6658 11675 4095
6345 11442 4095
6031 11224 4095
5730 11026 4095
5436 10851 4095
5154 10700 4095
4889 10577 4095
4640 10486 4095
4413 10432 4095
4212 10417 4095
4037 10441 4095
3888 10500 4095
3772 10594 4095
3684 10721 4095
3623 10880 4095
3590 11070 4095
3590 11285 4095
3621 11526 4095
3684 11788 4095
3779 12068 4095
3900 12364 4095
4047 12671 4095
4216 12987 4095
4400 13315 4095
4592 13658 3750
4790 14018 2530
4993 14391 810
4993 14391 0
4993 14391 0
5197 14772 0
5298 14966 0
5374 15157 0
5551 15446 0
5650 15675 0
5723 15811 0
5806 15965 0
5903 16134 0
5998 16306 0
6082 16452 0
6165 16598 0
6248 16745 0
1255 533 0
