eink
1
0,0
11496 2997 0
11495 2997 0
11495 2997 0
11494 2997 0
11493 2996 0
11492 2996 0
11492 2995 0
11491 2995 0
11491 2994 0
11492 2994 0
11492 2993 0
11493 2993 0
11495 2992 0
11497 2991 0
11498 2991 0
11501 2990 0
11504 2988 0
11507 2987 0
11510 2985 0
11512 2982 0
11516 2979 0
11519 2976 0
11521 2973 0
11524 2970 0
11527 2966 0
11529 2962 0
11532 2957 0
11534 2953 0
11536 2949 0
11540 2945 0
11543 2939 0
11547 2934 0
11550 2927 0
11555 2922 0
11560 2918 0
11565 2913 0
11570 2908 0
11574 2903 0
11581 2898 0
11587 2895 0
11592 2891 0
11597 2887 0
11601 2883 0
11607 2878 0
11612 2874 0
11616 2871 0
11624 2863 0
11630 2857 0
11634 2851 0
11637 2846 0
11639 2843 0
11643 2839 0
11646 2835 0
11649 2830 0
11651 2826 0
11654 2822 0
11656 2820 0
11659 2816 0
11661 2812 0
11663 2809 0
11664 2804 0
11667 2801 0
11671 2795 0
11672 2792 0
11673 2790 0
11673 2788 0
11674 2786 0
11674 2784 0
11675 2783 0
11675 2781 0
11675 2779 0
11675 2778 0
11675 2776 0
11668 2764 0
11667 2764 0
11667 2764 0
11667 2764 0
11664 2762 115
11663 2761 158
11663 2759 200
11663 2757 259
11663 2756 342
11663 2753 442
11663 2753 545
11663 2752 644
11663 2751 730
11663 2750 815
11663 2748 889
11663 2747 963
11663 2744 1036
11662 2743 1104
11662 2742 1178
11662 2740 1247
11662 2740 1314
11661 2739 1373
11661 2738 1428
11661 2738 1477
11661 2737 1517
11661 2736 1561
11661 2735 1597
11661 2734 1631
11662 2734 1669
11662 2733 1708
11662 2733 1752
11662 2734 1800
11662 2734 1841
11662 2735 1876
11662 2735 1907
11662 2735 1930
11661 2735 1957
11661 2735 1977
11661 2735 1993
11660 2735 2011
11660 2735 2025
11661 2735 2039
11660 2736 2050
11660 2736 2059
11660 2737 2060
11659 2738 2063
11660 2738 2066
11660 2739 2069
11659 2739 2079
11659 2739 2085
11659 2739 2092
11659 2740 2095
11659 2740 2096
11659 2740 2099
11660 2741 2089
11660 2742 2090
11661 2743 2095
11661 2744 2099
11662 2745 2116
11663 2747 2126
11663 2750 2135
11667 2753 2145
11670 2758 2159
11673 2761 2170
11675 2766 2178
11676 2769 2187
11679 2773 2196
11680 2777 2206
11682 2782 2219
11684 2786 2236
11687 2790 2244
11689 2794 2256
11692 2797 2268
11694 2801 2279
11696 2807 2289
11697 2810 2306
11699 2814 2315
11700 2816 2324
11701 2819 2334
11706 2822 2337
11708 2825 2343
11709 2829 2354
11711 2833 2358
11713 2837 2364
11714 2840 2372
11715 2844 2378
11718 2846 2386
11719 2849 2386
11720 2853 2395
11722 2858 2403
11723 2862 2407
11724 2866 2423
11725 2869 2426
11726 2871 2427
11727 2875 2435
11731 2878 2440
11732 2883 2447
11734 2886 2455
11735 2889 2463
11735 2893 2466
11737 2895 2472
11738 2897 2478
11739 2899 2481
11739 2901 2486
11739 2903 2494
11740 2905 2497
11742 2906 2503
11742 2909 2508
11743 2909 2506
11743 2910 2513
11743 2911 2517
11744 2912 2525
11743 2913 2544
11743 2914 2552
11744 2915 2558
11744 2915 2568
11744 2915 2577
11744 2915 2587
11744 2915 2598
11745 2915 2611
11745 2915 2620
11745 2915 2628
11745 2916 2635
11744 2916 2644
11744 2916 2651
11744 2917 2659
11744 2917 2669
11745 2917 2673
11745 2917 2681
11745 2917 2690
11745 2917 2694
11745 2917 2703
11745 2917 2709
11745 2917 2716
11745 2917 2722
11745 2917 2727
11745 2917 2732
11745 2917 2740
11745 2917 2747
11745 2918 2753
11746 2917 2755
11746 2918 2760
11746 2918 2765
11746 2918 2771
11745 2918 2788
11745 2918 2794
11745 2919 2801
11745 2919 2804
11745 2919 2796
11745 2919 2799
11745 2919 2804
11745 2919 2811
11747 2919 2821
11747 2920 2827
11747 2920 2834
11747 2921 2842
11744 2921 2849
11745 2921 2854
11744 2922 2861
11745 2922 2866
11746 2922 2891
11746 2922 2899
11746 2922 2906
11746 2922 2915
11746 2922 2899
11746 2922 2904
11746 2923 2913
11746 2923 2921
11747 2923 2937
11746 2923 2948
11746 2923 2960
11746 2923 2972
11746 2923 2984
11747 2924 2998
11747 2924 3010
11747 2924 3024
11746 2924 3036
11746 2924 3049
11746 2924 3065
11747 2923 3081
11747 2923 3096
11747 2923 3121
11747 2923 3133
11747 2923 3149
11747 2923 3164
11747 2922 3164
11747 2922 3180
11747 2922 3194
11747 2922 3207
11746 2922 3226
11746 2922 3244
11746 2922 3264
11746 2922 3285
11747 2922 3308
11747 2922 3326
11747 2922 3344
11747 2922 3359
11747 2921 3377
11747 2921 3392
11747 2921 3408
11747 2922 3423
11747 2922 3439
11747 2922 3456
11747 2922 3468
11747 2922 3481
11746 2922 3494
11746 2922 3505
11746 2922 3522
11746 2922 3541
11747 2922 3556
11746 2922 3578
11746 2922 3597
11746 2922 3615
11745 2922 3634
11745 2922 3647
11745 2922 3664
11745 2922 3678
11745 2922 3693
11746 2922 3708
11746 2921 3727
11746 2921 3748
11746 2921 3767
11747 2922 3788
11747 2921 3806
11747 2921 3821
11747 2920 3837
11749 2920 3856
11750 2920 3866
11750 2921 3877
11751 2922 3889
11748 2921 3901
11748 2920 3916
11748 2920 3930
11748 2919 3940
11750 2919 3948
11750 2919 3956
11751 2919 3964
11751 2919 3968
11752 2918 3964
11752 2918 3968
11752 2918 3973
11752 2918 3979
11755 2918 3995
11755 2917 4007
11755 2917 4013
11755 2917 4021
11752 2917 4025
11752 2917 4027
11752 2917 4031
11753 2917 4037
11753 2917 4043
11755 2917 4053
11755 2916 4059
11756 2916 4065
11757 2915 4071
11758 2915 4085
11759 2915 4091
11759 2914 4095
11759 2913 4095
11760 2912 4095
11761 2912 4095
11763 2912 4095
11764 2912 4093
11764 2911 4093
11762 2911 4089
11762 2911 4093
11762 2911 4095
11762 2910 4095
11764 2910 4095
11764 2909 4095
11765 2908 4095
11764 2908 4095
11765 2906 4095
11765 2904 4095
11764 2903 4095
11764 2902 4095
11764 2901 4095
11765 2900 4095
11765 2900 4095
11765 2899 4095
11765 2899 4095
11765 2898 4095
11765 2897 4095
11765 2896 4095
11765 2894 4095
11765 2894 4095
11765 2893 4095
11766 2894 4095
11766 2893 4095
11768 2893 4095
11768 2892 4095
11769 2892 4095
11768 2892 4095
11766 2892 4095
11769 2891 4095
11770 2891 4095
11771 2891 4095
11772 2891 4095
11772 2890 4095
11772 2889 4095
11772 2890 4095
11773 2889 4095
11777 2889 4095
11776 2889 4095
11776 2888 4095
11772 2888 4095
11771 2887 4095
11772 2887 4095
11772 2886 4095
11773 2886 4095
11774 2885 4095
11775 2884 4095
11775 2883 4095
11775 2882 4095
11775 2880 4095
11775 2879 4095
11775 2878 4095
11775 2877 4095
11775 2876 4095
11775 2875 4095
11775 2874 4095
11774 2873 4095
11775 2871 4095
11775 2871 4095
11775 2870 4095
11774 2869 4095
11774 2868 4095
11774 2867 4095
11775 2867 4095
11775 2866 4095
11775 2865 4095
11775 2864 4095
11776 2864 4095
11776 2863 4095
11776 2862 4095
11776 2861 4095
11773 2861 4095
11775 2861 4095
11776 2860 4095
11776 2859 4095
11777 2858 4095
11776 2858 4095
11776 2857 4095
11777 2857 4095
11777 2855 4095
11777 2854 4095
11777 2853 4095
11777 2852 4095
11774 2851 4095
11774 2850 4095
11774 2849 4095
11775 2849 4095
11775 2848 4095
11775 2847 4095
11774 2846 4095
11776 2846 4095
11776 2845 4095
11776 2844 4095
11777 2843 4095
11778 2843 4095
11777 2842 4095
11777 2841 4095
11777 2840 4095
11775 2839 4095
11776 2838 4095
11776 2837 4095
11777 2836 4095
11776 2836 4095
11776 2835 4095
11775 2836 4095
11776 2835 4095
11776 2835 4095
11776 2834 4095
11775 2834 4095
11774 2834 4095
11774 2835 4095
11775 2835 4095
11772 2835 4095
11772 2836 4095
11773 2836 4095
11774 2837 4095
11774 2836 4095
11773 2837 4095
11773 2836 4095
11773 2837 4095
11772 2838 4095
11773 2838 4095
11771 2838 4095
11773 2838 4095
11772 2838 4095
11771 2838 4095
11770 2838 4095
11769 2839 4095
11765 2840 4095
11765 2840 4095
11765 2841 4095
11768 2840 4095
11768 2841 4095
11766 2842 4095
11766 2843 4095
11764 2843 4095
11764 2843 4095
11764 2844 4095
11765 2843 4095
11765 2843 4095
11765 2844 4095
11765 2845 4095
11764 2846 4095
11764 2845 4095
11762 2845 4095
11762 2846 4095
11761 2846 4095
11762 2846 4095
11760 2847 4095
11759 2847 4095
11759 2848 4095
11762 2847 4095
11762 2846 4095
11761 2846 4095
11761 2847 4095
11762 2847 4095
11761 2848 4095
11761 2847 4095
11759 2846 4095
11761 2846 4095
11761 2846 4095
11760 2847 4095
11760 2846 4095
11761 2846 4095
11760 2846 4095
11759 2847 4095
11762 2846 4095
11762 2846 4095
11761 2846 4095
11761 2846 4095
11761 2847 4095
11760 2847 4095
11760 2846 4095
11761 2846 4095
11760 2847 4095
11760 2846 4095
11760 2847 4095
11759 2847 4095
11760 2847 4095
11761 2846 4095
11762 2846 4095
11760 2846 4095
11761 2846 4095
11761 2846 4095
11760 2846 4095
11758 2846 4095
11759 2846 4095
11761 2846 4095
11761 2845 4095
11761 2846 4095
11762 2846 4095
11763 2845 4095
11762 2845 4095
11762 2844 4095
11763 2844 4095
11762 2844 4095
11763 2844 4095
11763 2843 4095
11763 2844 4095
11763 2845 4095
11763 2844 4095
11764 2844 4095
11764 2843 4095
11764 2844 4095
11764 2843 4095
11764 2844 4095
11764 2843 4095
11764 2842 4095
11764 2841 4095
11764 2840 4095
11764 2841 4095
11764 2840 4095
11763 2839 4095
11763 2838 4095
11763 2837 4095
11762 2836 4095
11762 2835 4095
11762 2834 4095
11762 2833 4095
11760 2834 4095
11762 2833 4095
11760 2833 4095
11760 2833 4095
11760 2832 4095
11761 2830 4095
11762 2830 4095
11764 2830 4095
11764 2829 4095
11762 2829 4095
11763 2829 4095
11762 2829 4095
11760 2830 4095
11760 2829 4095
11761 2829 4095
11762 2828 4095
11761 2828 4095
11762 2828 4095
11761 2827 4095
11760 2828 4095
11760 2827 4095
11761 2827 4095
11761 2826 4095
11761 2825 4095
11761 2826 4095
11761 2826 4095
11764 2826 4095
11763 2826 4095
11762 2825 4095
11763 2825 4095
11763 2826 4095
11765 2826 4095
11765 2825 4095
11765 2824 4095
11764 2824 4095
11763 2823 4095
11764 2823 4095
11765 2823 4095
11765 2823 4095
11765 2823 4095
11765 2822 4095
11764 2822 4095
11763 2822 4095
11764 2821 4095
11765 2821 4095
11764 2821 4095
11764 2820 4095
11765 2820 4095
11765 2820 4095
11762 2820 4095
11763 2820 4095
11765 2820 4095
11765 2820 4095
11765 2819 4095
11766 2819 4095
11766 2818 4095
11763 2819 4095
11762 2818 4095
11764 2817 4095
11765 2817 4095
11764 2817 4095
11765 2817 4095
11765 2817 4095
11765 2817 4095
11763 2817 4095
11765 2816 4095
11764 2815 4095
11762 2815 4095
11763 2815 4095
11763 2814 4095
11765 2813 4095
11765 2812 4095
11765 2811 4095
11765 2810 4095
11765 2809 4095
11765 2809 4095
11765 2809 4095
11765 2808 4095
11765 2807 4095
11765 2806 4095
11765 2803 4095
11765 2803 4095
11765 2802 4095
11765 2801 4095
11765 2800 4095
11765 2800 4095
11765 2799 4095
11765 2798 4095
11765 2797 4095
11765 2796 4095
11765 2795 4095
11765 2795 4095
11765 2794 4095
11765 2792 4095
11765 2791 4095
11765 2790 4095
11765 2789 4095
11766 2788 4095
11765 2787 4095
11765 2786 4095
11765 2785 4095
11761 2786 4095
11761 2785 4095
11761 2784 4095
11762 2782 4095
11761 2782 4095
11762 2781 4095
11762 2781 4095
11762 2779 4095
11761 2778 4095
11761 2777 4095
11761 2776 4095
11760 2777 4095
11761 2776 4095
11761 2775 4095
11762 2773 4095
11761 2773 4095
11760 2773 4095
11760 2772 4095
11759 2772 4095
11757 2772 4095
11757 2771 4095
11756 2771 4095
11756 2770 4095
11758 2768 4095
11758 2766 4095
11758 2764 4095
11758 2763 4095
11756 2762 4095
11755 2760 4095
11755 2759 4095
11753 2758 4095
11757 2756 4095
11757 2753 4095
11757 2752 4095
11757 2751 4095
11753 2750 4095
11753 2749 4095
11753 2748 4095
11753 2747 4095
11753 2746 4095
11753 2745 4095
11753 2744 4095
11752 2744 4095
11753 2744 4095
11752 2744 4095
11753 2744 4095
11753 2743 4095
11752 2743 4095
11752 2743 4095
11752 2743 4095
11753 2743 4095
11752 2742 4095
11753 2742 4095
11756 2741 4095
11756 2740 4095
11752 2740 4095
11752 2739 4095
11755 2739 4095
11755 2738 4095
11756 2738 4095
11756 2738 4095
11755 2738 4095
11757 2738 4095
11756 2738 4095
11755 2738 4095
11755 2737 4095
11752 2737 4095
11753 2736 4095
11753 2735 4095
11753 2734 4095
11755 2734 4095
11753 2734 4095
11752 2734 4095
11756 2734 4095
11756 2733 4095
11753 2734 4095
11752 2734 4095
11752 2734 4095
11752 2734 4095
11752 2734 4095
11752 2734 4095
11752 2733 4095
11752 2733 4095
11752 2732 4095
11752 2731 4095
11755 2730 4095
11755 2728 4095
11756 2728 4095
11755 2727 4095
11751 2728 4095
11751 2727 4095
11752 2728 4095
11752 2728 4095
11751 2727 4095
11752 2727 4095
11751 2727 4095
11752 2727 4095
11752 2727 4095
11752 2728 4095
11751 2728 4095
11752 2728 4095
11752 2727 4095
11751 2727 4095
11751 2728 4095
11751 2727 4095
11752 2727 4095
11752 2727 4095
11753 2727 4095
11752 2728 4095
11751 2728 4095
11751 2727 4095
11753 2726 4095
11752 2727 4095
11752 2727 4095
11751 2728 4095
11751 2727 4095
11752 2728 4095
11751 2728 4095
11749 2728 4095
11750 2728 4095
11752 2728 4095
11752 2730 4095
11751 2730 4095
11750 2730 4095
11752 2730 4095
11751 2730 4095
11750 2730 4095
11751 2730 4095
11751 2728 4095
11751 2730 4095
11752 2730 4095
11752 2731 4095
11751 2731 4095
11751 2730 4095
11751 2728 4095
11752 2728 4095
11751 2730 4095
11751 2728 4095
11751 2727 4095
11751 2728 4095
11750 2727 4095
11751 2727 4095
11752 2727 4095
11752 2728 4095
11752 2727 4095
11752 2728 4095
11749 2727 4095
11749 2727 4095
11749 2727 4095
11751 2727 4095
11751 2727 4095
11750 2727 4095
11750 2727 4095
11748 2727 4095
11747 2727 4095
11751 2727 4095
11750 2727 4095
11749 2727 4095
11749 2727 4095
11749 2728 4095
11750 2728 4095
11749 2728 4095
11750 2727 4095
11749 2727 4095
11748 2728 4095
11750 2730 4095
11750 2728 4095
11751 2730 4095
11744 2730 4095
11743 2730 4095
11748 2730 4095
11748 2731 4095
11749 2731 4095
11747 2731 4095
11744 2732 4095
11744 2731 4095
11744 2732 4095
11746 2732 4095
11747 2731 4095
11747 2732 4095
11746 2731 4095
11747 2731 4095
11748 2732 4095
11745 2732 4095
11748 2732 4095
11748 2731 4095
11748 2732 4095
11747 2732 4095
11747 2731 4095
11749 2731 4095
11748 2731 4095
11748 2730 4095
11747 2731 4095
11749 2731 4095
11749 2730 4095
11749 2731 4095
11748 2731 4095
11748 2730 4095
11746 2731 4095
11747 2731 4095
11749 2731 4095
11750 2731 4095
11750 2730 4095
11750 2731 4095
11750 2730 4095
11750 2728 4095
11750 2730 4095
11750 2728 4095
11749 2728 4095
11748 2728 4095
11747 2728 4095
11749 2728 4095
11750 2727 4095
11747 2727 4095
11747 2728 4095
11750 2728 4095
11751 2728 4095
11750 2728 4095
11750 2727 4095
11748 2727 4095
11749 2727 4095
11749 2728 4095
11749 2727 4095
11750 2727 4095
11750 2728 4095
11750 2727 4095
11751 2727 4095
11751 2728 4095
11750 2728 4095
11748 2728 4095
11749 2728 4095
11750 2728 4095
11749 2728 4095
11750 2728 4095
11750 2730 4095
11750 2728 4095
11750 2730 4095
11750 2728 4095
11749 2730 4095
11749 2728 4095
11750 2728 4095
11750 2730 4095
11750 2728 4095
11750 2730 4095
11750 2728 4095
11750 2730 4095
11750 2728 4095
11751 2728 4095
11750 2728 4095
11750 2730 4095
11750 2728 4095
11750 2730 4095
11750 2728 4095
11750 2730 4095
11750 2728 4095
11750 2727 4095
11750 2728 4095
11751 2728 4095
11751 2730 4095
11750 2728 4095
11751 2730 4095
11751 2728 4095
11750 2728 4095
11750 2730 4095
11749 2730 4095
11750 2728 4095
11750 2730 4095
11749 2730 4095
11750 2728 4095
11750 2730 4095
11749 2730 4095
11750 2730 4095
11749 2730 4095
11749 2728 4095
11749 2730 4095
11749 2731 4095
11749 2730 4095
11750 2730 4095
11750 2731 4095
11749 2731 4095
11749 2730 4095
11750 2730 4095
11749 2730 4095
11749 2731 4095
11749 2732 4095
11749 2731 4095
11749 2730 4095
11750 2730 4095
11749 2730 4095
11749 2731 4095
11750 2731 4095
11749 2731 4095
11748 2731 4095
11749 2731 4095
11749 2732 4095
11749 2733 4095
11748 2733 4095
11749 2733 4095
11748 2733 4095
11748 2734 4095
11749 2734 4095
11748 2734 4095
11749 2735 4095
11749 2736 4095
11750 2737 4095
11751 2737 4095
11751 2738 4095
11751 2740 4095
11752 2744 4095
11752 2747 4095
11755 2751 4095
11757 2756 4095
11758 2759 4095
11758 2761 4095
11758 2764 4095
11758 2765 4095
11759 2765 4095
11760 2765 4095
11760 2766 4095
11760 2765 4095
11760 2767 4095
11760 2769 4095
11760 2769 4095
11760 2770 4095
11761 2771 4095
11761 2772 4095
11760 2772 4095
11760 2773 4095
11760 2774 4095
11760 2776 4095
11760 2777 4095
11760 2778 4095
11760 2781 4095
11760 2782 4095
11761 2784 4095
11761 2786 4095
11761 2788 4095
11761 2790 4095
11761 2791 4095
11761 2793 4095
11761 2795 4095
11761 2795 4095
11762 2797 4095
11762 2799 4095
11762 2800 4095
11761 2803 4095
11761 2804 4095
11761 2806 4095
11762 2807 4095
11762 2808 4095
11762 2809 4095
11762 2810 4095
11761 2810 4095
11761 2811 4095
11761 2812 4095
11762 2813 4095
11762 2814 4095
11761 2815 4095
11761 2816 4095
11761 2817 4095
11760 2819 4095
11760 2820 4095
11760 2821 4095
11760 2824 4095
11759 2827 4095
11758 2833 4095
11758 2838 4095
11757 2843 4095
11756 2848 4095
11755 2854 4095
11753 2863 4095
11752 2872 4095
11752 2883 4095
11750 2894 4095
11748 2905 4095
11746 2918 4095
11744 2931 4095
11740 2945 4095
11739 2960 4095
11736 2974 4095
11731 2991 4095
11727 3007 4095
11725 3024 4095
11721 3044 4095
11717 3062 4095
11712 3080 4095
11708 3100 4095
11704 3121 4095
11702 3142 4095
11699 3162 4095
11695 3181 4095
11690 3200 4095
11686 3219 4095
11683 3239 4095
11677 3260 4095
11673 3284 4095
11668 3309 4095
11663 3335 4095
11657 3361 4095
11651 3388 4095
11647 3414 4095
11641 3441 4095
11636 3463 4095
11631 3487 4095
11626 3509 4095
11622 3533 4095
11618 3558 4095
11613 3583 4095
11609 3609 4095
11604 3636 4095
11599 3664 4095
11594 3691 4095
11587 3721 4095
11583 3749 4095
11577 3778 4095
11571 3808 4095
11565 3837 4095
11561 3871 4095
11554 3903 4095
11547 3936 4095
11541 3968 4095
11535 4004 4095
11528 4040 4095
11520 4078 4095
11512 4114 4095
11499 4148 4095
11493 4186 4095
11485 4221 4095
11479 4259 4095
11473 4296 4095
11467 4332 4095
11460 4369 4095
11455 4404 4095
11448 4441 4095
11443 4480 4095
11435 4520 4095
11429 4559 4095
11423 4596 4095
11417 4632 4095
11409 4670 4095
11404 4708 4095
11395 4750 4095
11389 4789 4095
11383 4828 4095
11377 4869 4095
11371 4906 4095
11368 4948 4095
11364 4986 4095
11359 5026 4095
11356 5067 4095
11354 5108 4095
11351 5149 4095
11347 5190 4095
11346 5231 4095
11343 5272 4095
11342 5314 4095
11341 5358 4095
11341 5401 4095
11339 5445 4095
11339 5490 4095
11339 5538 4095
11339 5587 4095
11342 5638 4095
11341 5690 4095
11340 5742 4095
11338 5794 4095
11336 5846 4095
11333 5898 4095
11332 5950 4095
11331 6003 4095
11330 6054 4095
11329 6105 4095
11329 6156 4095
11329 6207 4095
11327 6258 4095
11326 6307 4095
11326 6357 4095
11326 6408 4095
11325 6462 4095
11326 6520 4095
11325 6579 4095
11324 6638 4095
11324 6700 4095
11321 6758 4095
11320 6815 4095
11318 6870 4095
11316 6922 4095
11315 6972 4095
11315 7021 4095
11315 7071 4095
11315 7120 4095
11315 7169 4095
11316 7217 4095
11319 7266 4095
11320 7316 4095
11328 7364 4095
11330 7412 4095
11331 7458 4095
11333 7506 4095
11331 7553 4095
11333 7598 4095
11333 7646 4095
11334 7693 4095
11334 7741 4095
11334 7787 4095
11334 7837 4095
11334 7887 4095
11337 7937 4095
11336 7987 4095
11336 8034 4095
11336 8081 4095
11334 8130 4095
11336 8180 4095
11336 8229 4095
11336 8278 4095
11337 8327 4095
11336 8374 4095
11336 8421 4095
11336 8469 4095
11334 8517 4095
11334 8567 4095
11334 8616 4095
11334 8666 4095
11333 8716 4095
11333 8767 4095
11333 8818 4095
11333 8867 4095
11333 8915 4095
11333 8962 4095
11333 9010 4095
11333 9058 4095
11334 9109 4095
11333 9163 4095
11333 9216 4095
11332 9271 4095
11332 9324 4095
11332 9376 4095
11331 9428 4095
11330 9480 4095
11329 9533 4095
11327 9586 4095
11325 9639 4095
11324 9690 4095
11321 9741 4095
11323 9792 4095
11321 9844 4095
11320 9897 4095
11319 9950 4095
11318 10004 4095
11317 10057 4095
11316 10110 4095
11315 10162 4095
11314 10213 4095
11313 10262 4095
11312 10311 4095
11311 10359 4095
11308 10409 4095
11307 10460 4095
11306 10512 4095
11305 10564 4095
11304 10615 4095
11304 10664 4095
11303 10714 4095
11302 10763 4095
11300 10813 4095
11301 10860 4095
11299 10906 4095
11298 10950 4095
11296 10994 4095
11295 11041 4095
11295 11087 4095
11294 11135 4095
11293 11184 4095
11296 11234 4095
11295 11285 4095
11293 11339 4095
11290 11394 4095
11282 11447 4095
11277 11501 4095
11272 11554 4095
11267 11607 4095
11260 11661 4095
11254 11717 4095
11248 11773 4095
11243 11828 4095
11237 11885 4095
11230 11941 4095
11225 11998 4095
11219 12055 4095
11212 12112 4095
11206 12167 4095
11200 12222 4095
11193 12276 4095
11190 12330 4095
11182 12386 4095
11176 12441 4095
11169 12496 4095
11163 12550 4095
11156 12603 4095
11151 12654 4095
11143 12706 4095
11137 12757 4095
11129 12805 4095
11123 12854 4095
11117 12903 4095
11112 12954 4095
11105 13006 4095
11099 13057 4095
11092 13106 4095
11088 13153 4095
11086 13198 4095
11082 13242 4095
11079 13286 4095
11076 13327 4095
11072 13367 4095
11071 13406 4095
11070 13444 4095
11070 13483 4095
11069 13521 4095
11069 13560 4095
11070 13598 4095
11071 13638 4095
11072 13679 4095
11073 13720 4095
11075 13762 4095
11076 13802 4095
11078 13840 4095
11079 13877 4095
11080 13915 4095
11084 13951 4095
11087 13990 4095
11092 14028 4095
11096 14069 4095
11099 14108 4095
11102 14146 4095
11103 14181 4095
11107 14217 4095
11111 14251 4095
11116 14287 4095
11122 14325 4095
11129 14364 4095
11134 14405 4095
11140 14445 4095
11146 14484 4095
11151 14525 4095
11155 14562 4095
11161 14601 4095
11166 14639 4095
11169 14678 4095
11175 14716 4095
11179 14755 4095
11181 14789 4095
11185 14825 4095
11189 14861 4095
11193 14899 4095
11199 14938 4095
11204 14974 4095
11209 15010 4095
11214 15044 4095
11220 15080 4095
11227 15117 4095
11232 15157 4095
11237 15194 4095
11240 15232 4095
11244 15266 4095
11249 15298 4095
11254 15333 4095
11260 15367 4095
11264 15399 4095
11268 15432 4095
11272 15462 4095
11276 15491 4095
11280 15520 4095
11283 15550 4095
11289 15580 4095
11294 15611 4095
11298 15641 4095
11302 15670 4095
11307 15699 4095
11312 15726 4095
11316 15755 4095
11320 15786 4095
11325 15817 4095
11329 15846 4095
11332 15876 4095
11336 15904 4095
11340 15932 4095
11345 15961 4095
11351 15990 4095
11355 16021 4095
11359 16050 4095
11364 16080 4095
11368 16108 4095
11371 16140 4095
11375 16171 4095
11379 16203 4095
11383 16234 4095
11385 16265 4095
11389 16296 4095
11392 16325 4095
11395 16353 4095
11399 16381 4095
11402 16410 4095
11406 16439 4095
11408 16471 4095
11409 16504 4095
11412 16537 4095
11413 16568 4095
11416 16598 4095
11418 16628 4095
11418 16657 4095
11419 16685 4095
11419 16712 4095
11420 16737 4095
11421 16760 4095
11422 16784 4095
11422 16808 4095
11423 16831 4095
11425 16854 4095
11426 16876 4095
11427 16898 4095
11426 16920 4095
11428 16943 4095
11430 16967 4095
11431 16992 4095
11433 17020 4095
11434 17049 4095
11434 17076 4095
11433 17102 4095
11435 17125 4095
11433 17147 4095
11433 17168 4095
11434 17190 4095
11435 17211 4095
11435 17232 4095
11435 17251 4095
11435 17269 4095
11434 17287 4095
11436 17305 4095
11438 17324 4095
11440 17343 4095
11442 17362 4095
11442 17380 4095
11442 17398 4095
11443 17415 4095
11443 17431 4095
11443 17446 4095
11443 17462 4095
11443 17478 4095
11443 17494 4095
11441 17509 4095
11440 17521 4095
11440 17532 4095
11439 17541 4095
11444 17550 4095
11444 17561 4095
11443 17572 4095
11442 17584 4095
11435 17596 4095
11434 17609 4095
11432 17621 4095
11430 17634 4095
11430 17647 4095
11428 17657 4095
11426 17666 4095
11425 17675 4095
11425 17683 4095
11423 17690 4095
11422 17696 4095
11422 17702 4095
11421 17707 4095
11420 17712 4095
11420 17716 4095
11419 17721 4095
11419 17725 4095
11420 17728 4095
11420 17731 4095
11419 17733 4095
11418 17736 4095
11416 17738 4095
11416 17739 4095
11415 17740 4095
11414 17741 4095
11413 17744 4095
11413 17745 4095
11413 17746 4095
11412 17748 4095
11413 17748 4095
11412 17749 4095
11412 17750 4095
11410 17752 4095
11410 17753 4095
11409 17755 4095
11409 17756 4095
11409 17758 4095
11409 17760 4095
11409 17762 4095
11408 17764 4095
11408 17765 4095
11406 17765 4095
11406 17766 4095
11405 17766 4095
11404 17768 4095
11402 17768 4095
11402 17769 4095
11401 17769 4095
11400 17770 4095
11401 17771 4095
11400 17771 4095
11399 17772 4095
11397 17773 4095
11396 17773 4095
11394 17774 4095
11391 17774 4095
11387 17775 4095
11382 17776 4095
11378 17776 4095
11372 17776 4095
11367 17776 4095
11361 17775 4095
11354 17775 4095
11346 17775 4095
11340 17775 4095
11332 17777 4095
11326 17777 4095
11319 17777 4095
11312 17778 4095
11307 17778 4095
11299 17779 4095
11289 17780 4095
11279 17782 4095
11266 17784 4095
11255 17786 4095
11244 17788 4095
11234 17791 4095
11222 17793 4095
11210 17796 4095
11198 17799 4095
11185 17801 4095
11173 17804 4095
11158 17807 4095
11142 17811 4095
11124 17814 4095
11107 17818 4095
11088 17823 4095
11069 17828 4095
11049 17833 4095
11028 17837 4095
11007 17842 4095
10983 17846 4095
10957 17850 4095
10927 17855 4095
10898 17861 4095
10867 17866 4095
10838 17871 4095
10806 17875 4095
10774 17879 4095
10741 17882 4095
10707 17885 4095
10673 17888 4095
10640 17891 4095
10606 17893 4095
10570 17896 4095
10533 17897 4095
10495 17898 4095
10457 17898 4095
10419 17899 4095
10383 17900 4095
10349 17901 4095
10312 17902 4095
10275 17903 4095
10237 17903 4095
10197 17902 4095
10159 17901 4095
10121 17900 4095
10082 17899 4095
10040 17898 4095
9998 17897 4095
9957 17895 4095
9915 17893 4095
9875 17891 4095
9833 17889 4095
9790 17888 4095
9749 17886 4095
9707 17883 4095
9667 17880 4095
9624 17876 4095
9581 17873 4095
9540 17870 4095
9497 17866 4095
9453 17863 4095
9409 17860 4095
9362 17856 4095
9317 17853 4095
9271 17849 4095
9225 17845 4095
9179 17842 4095
9132 17839 4095
9086 17836 4095
9040 17833 4095
8993 17830 4095
8946 17827 4095
8899 17824 4095
8852 17822 4095
8805 17818 4095
8756 17817 4095
8707 17815 4095
8657 17813 4095
8605 17812 4095
8554 17811 4095
8501 17810 4095
8448 17810 4095
8396 17809 4095
8341 17810 4095
8286 17810 4095
8234 17811 4095
8180 17813 4095
8127 17814 4095
8069 17814 4095
8013 17815 4095
7952 17816 4095
7892 17816 4095
7834 17818 4095
7774 17818 4095
7716 17821 4095
7657 17823 4095
7597 17825 4095
7538 17827 4095
7480 17828 4095
7419 17829 4095
7358 17830 4095
7297 17830 4095
7234 17830 4095
7170 17830 4095
7109 17830 4095
7049 17830 4095
6987 17830 4095
6924 17829 4095
6863 17828 4095
6804 17827 4095
6744 17826 4095
6682 17826 4095
6621 17826 4095
6562 17825 4095
6501 17824 4095
6441 17824 4095
6383 17823 4095
6324 17823 4095
6265 17824 4095
6209 17825 4095
6149 17827 4095
6091 17828 4095
6033 17829 4095
5975 17831 4095
5918 17833 4095
5863 17836 4095
5808 17838 4095
5754 17840 4095
5698 17843 4095
5643 17846 4095
5588 17850 4095
5532 17854 4095
5476 17858 4095
5422 17861 4095
5368 17865 4095
5314 17868 4095
5260 17873 4095
5209 17876 4095
5160 17879 4095
5110 17882 4095
5060 17886 4095
5010 17890 4095
4960 17893 4095
4911 17898 4095
4863 17901 4095
4815 17905 4095
4768 17908 4095
4720 17912 4095
4674 17916 4095
4628 17920 4095
4583 17924 4095
4536 17927 4095
4493 17929 4095
4450 17931 4095
4408 17932 4095
4369 17933 4095
4329 17934 4095
4289 17934 4095
4251 17934 4095
4213 17933 4095
4178 17932 4095
4142 17930 4095
4106 17928 4095
4069 17925 4095
4032 17923 4095
3998 17920 4095
3967 17915 4095
3938 17911 4095
3909 17906 4095
3880 17901 4095
3852 17896 4095
3824 17890 4095
3798 17884 4095
3773 17878 4095
3748 17872 4095
3725 17866 4095
3703 17861 4095
3679 17855 4095
3657 17850 4095
3634 17845 4095
3613 17840 4095
3593 17836 4095
3575 17831 4095
3557 17827 4095
3538 17824 4095
3524 17821 4095
3510 17818 4095
3496 17815 4095
3482 17812 4095
3468 17810 4095
3456 17808 4095
3443 17806 4095
3436 17805 4095
3425 17803 4095
3416 17800 4095
3408 17799 4095
3401 17797 4095
3393 17796 4095
3389 17796 4095
3384 17795 4095
3379 17795 4095
3376 17793 4095
3373 17793 4095
3371 17793 4095
3370 17793 4095
3369 17793 4095
3369 17793 4095
3369 17793 4095
3370 17795 4095
3371 17795 4095
3370 17793 4095
3371 17793 4095
3371 17793 4009
3372 17793 3852
3372 17793 3646
3373 17793 3372
3374 17791 3010
3377 17791 2505
3382 17789 1657
3389 17786 591
3389 17786 0
3389 17786 0
3392 17788 0
3392 17788 0
3399 17783 0
3404 17777 0
3410 17766 0
3414 17761 0
3418 17750 0
3427 17733 0
3431 17723 0
3436 17711 0
3442 17698 0
3446 17687 0
3449 17664 0
3454 17642 0
3459 17620 0
3463 17600 0
3468 17579 0
1934 451 0
