eink
1
0,0
10803 3225 0
10804 3225 0
10804 3225 0
10806 3224 0
10810 3223 0
10816 3221 0
10823 3220 0
10831 3218 0
10839 3215 0
10851 3213 0
10863 3209 0
10876 3205 0
10891 3201 0
10906 3198 0
10923 3193 0
10943 3188 0
10965 3182 0
10986 3176 0
11003 3171 0
11020 3165 0
11037 3158 0
11053 3152 0
11067 3147 0
11084 3141 0
11092 3138 0
11108 3130 0
11122 3125 0
11136 3119 0
11149 3113 0
11161 3106 0
11172 3101 0
11182 3097 0
11193 3093 0
11202 3089 0
11211 3084 0
11219 3081 0
11228 3079 0
11235 3076 0
11242 3074 0
11249 3073 0
11255 3071 0
11261 3070 0
11266 3069 0
11272 3068 0
11278 3067 0
11283 3066 0
11290 3065 0
11295 3064 0
11301 3063 0
11307 3062 0
11312 3060 0
11316 3057 0
11320 3056 0
11324 3054 0
11328 3052 0
11331 3050 0
11333 3048 0
11337 3045 0
11340 3043 0
11342 3040 0
11345 3037 0
11346 3033 0
11347 3030 0
11350 3027 0
11352 3025 0
11353 3023 0
11355 3020 0
11357 3018 0
11359 3015 0
11361 3012 0
11363 3010 0
11365 3007 0
11368 3005 0
11370 3003 0
11372 3002 0
11375 3000 0
11378 2999 0
11380 2998 0
11383 2998 0
11388 2997 0
11392 2996 0
11396 2995 0
11399 2995 0
11403 2995 0
11407 2995 0
11412 2995 0
11417 2995 0
11422 2994 0
11433 2993 0
11438 2992 0
11444 2992 0
11450 2990 0
11457 2989 0
11464 2987 0
11471 2985 0
11478 2982 0
11485 2980 0
11494 2977 0
11503 2973 0
11548 2946 0
11549 2945 0
11550 2943 0
11550 2943 0
11556 2938 6
11563 2931 11
11573 2924 14
11579 2921 18
11584 2917 26
11587 2915 42
11590 2913 63
11592 2912 90
11593 2911 115
11593 2910 129
11593 2910 132
11593 2911 121
11593 2911 98
11593 2911 69
11593 2912 40
11593 2912 20
11591 2913 10
11588 2915 6
11586 2917 5
11582 2919 5
11577 2922 5
11572 2923 6
11567 2927 6
11560 2931 6
11552 2937 7
11543 2942 7
11534 2947 8
11523 2953 8
11512 2960 8
11501 2967 9
11488 2972 9
11477 2978 10
11464 2985 12
11451 2991 14
11436 2998 17
11422 3005 21
11409 3013 24
11395 3021 27
11382 3026 30
11367 3032 32
11351 3040 36
11334 3046 44
11317 3052 51
11301 3060 66
11282 3067 83
11264 3073 99
11245 3076 115
11226 3082 130
11205 3087 142
11184 3091 161
11161 3096 181
11140 3097 200
11120 3100 217
11100 3102 228
11079 3105 245
11060 3109 259
11040 3112 281
11019 3116 301
10999 3119 314
10978 3122 333
10959 3124 346
10940 3126 358
10920 3128 368
10900 3131 379
10880 3133 391
10860 3136 407
10838 3137 424
10820 3139 436
10799 3141 451
10780 3143 463
10760 3144 482
10740 3145 504
10719 3145 526
10698 3146 547
10676 3145 563
10656 3145 575
10637 3145 589
10617 3144 599
10597 3144 611
10578 3143 624
10558 3142 634
10538 3141 646
10519 3140 656
10500 3140 667
10482 3139 676
10465 3139 685
10448 3139 698
10432 3139 709
10416 3139 720
10399 3138 729
10383 3138 737
10367 3137 740
10351 3136 748
10335 3136 755
10320 3136 765
10305 3134 778
10288 3134 784
10271 3134 789
10254 3133 793
10236 3132 792
10219 3131 800
10202 3130 809
10184 3129 821
10165 3127 837
10147 3126 847
10130 3125 854
10112 3125 858
10095 3124 864
10076 3122 871
10058 3121 880
10038 3120 892
10019 3118 900
10000 3117 911
9981 3115 920
9961 3114 923
9942 3113 928
9923 3111 930
9903 3109 934
9882 3108 940
9861 3106 945
9841 3105 952
9821 3104 959
9802 3102 964
9783 3101 966
9765 3101 974
9746 3100 976
9729 3100 978
9711 3100 984
9693 3100 989
9675 3100 993
9657 3100 998
9639 3100 1001
9621 3099 995
9603 3100 998
9585 3100 1005
9567 3100 1009
9548 3100 1018
9530 3100 1028
9512 3101 1033
9495 3101 1038
9482 3101 1041
9465 3102 1043
9448 3103 1045
9431 3103 1048
9412 3103 1053
9394 3103 1056
9377 3102 1061
9360 3102 1065
9343 3102 1071
9326 3103 1077
9309 3104 1081
9292 3105 1086
9273 3106 1093
9254 3108 1098
9236 3109 1107
9217 3112 1118
9200 3112 1126
9183 3113 1142
9165 3114 1155
9148 3115 1165
9130 3116 1175
9113 3117 1181
9096 3118 1189
9078 3119 1198
9059 3121 1208
9041 3122 1220
9024 3123 1228
9006 3125 1236
8990 3125 1237
8972 3127 1239
8956 3128 1242
8940 3130 1246
8921 3133 1251
8905 3136 1258
8888 3138 1268
8870 3140 1277
8853 3142 1286
8836 3144 1297
8817 3145 1314
8798 3146 1334
8778 3147 1356
8760 3148 1368
8742 3149 1375
8725 3149 1383
8707 3149 1389
8688 3149 1399
8669 3149 1411
8650 3150 1413
8632 3150 1417
8613 3150 1424
8595 3150 1428
8576 3150 1439
8559 3150 1451
8542 3150 1452
8524 3150 1459
8508 3150 1459
8492 3150 1464
8475 3149 1470
8457 3148 1476
8440 3148 1481
8424 3147 1483
8407 3147 1489
8391 3146 1494
8373 3146 1500
8356 3145 1506
8337 3144 1511
8321 3144 1517
8304 3143 1523
8286 3142 1527
8271 3140 1536
8254 3139 1540
8235 3137 1543
8219 3134 1545
8203 3132 1545
8186 3131 1548
8168 3129 1554
8150 3128 1563
8131 3126 1571
8115 3125 1584
8099 3123 1587
8081 3121 1590
8065 3120 1592
8049 3118 1596
8031 3117 1600
8015 3115 1602
7999 3114 1604
7983 3112 1600
7965 3109 1601
7950 3108 1602
7934 3106 1602
7919 3104 1605
7904 3103 1607
7888 3102 1612
7875 3101 1617
7860 3100 1624
7844 3100 1629
7828 3099 1630
7812 3099 1629
7797 3097 1617
7783 3096 1614
7769 3095 1612
7754 3092 1611
7738 3092 1619
7724 3091 1619
7711 3091 1615
7698 3091 1615
7685 3090 1619
7672 3090 1621
7658 3090 1626
7644 3090 1630
7630 3089 1629
7615 3089 1629
7600 3089 1629
7586 3088 1630
7571 3088 1635
7558 3088 1636
7545 3088 1638
7532 3088 1638
7518 3088 1640
7504 3088 1650
7489 3088 1655
7475 3088 1659
7462 3088 1659
7448 3088 1663
7437 3088 1666
7422 3088 1671
7409 3089 1673
7395 3089 1671
7383 3089 1672
7371 3089 1671
7358 3089 1672
7348 3089 1673
7335 3090 1673
7322 3090 1676
7310 3091 1676
7297 3092 1676
7286 3092 1676
7276 3094 1673
7265 3093 1680
7253 3095 1681
7242 3095 1687
7232 3096 1689
7222 3098 1687
7212 3099 1689
7203 3101 1686
7193 3101 1690
7184 3103 1687
7175 3103 1685
7165 3104 1686
7157 3105 1687
7149 3106 1689
7139 3109 1692
7130 3112 1694
7122 3115 1692
7114 3117 1690
7104 3119 1689
7097 3121 1683
7088 3123 1682
7082 3125 1678
7076 3127 1676
7069 3130 1675
7062 3133 1675
7053 3137 1677
7047 3140 1677
7039 3142 1678
7034 3145 1678
7027 3148 1677
7022 3150 1678
7015 3152 1682
7010 3155 1681
7003 3158 1685
6999 3162 1683
6996 3164 1677
6992 3167 1671
6987 3170 1667
6983 3173 1663
6976 3176 1667
6971 3181 1671
6965 3185 1675
6961 3191 1686
6957 3196 1698
6951 3201 1707
6948 3205 1712
6942 3211 1713
6937 3217 1707
6934 3222 1708
6929 3227 1712
6924 3232 1711
6921 3236 1709
6918 3241 1708
6913 3246 1707
6911 3251 1707
6908 3254 1713
6905 3259 1717
6901 3264 1720
6898 3268 1722
6897 3272 1721
6895 3275 1721
6893 3277 1718
6892 3279 1716
6889 3282 1716
6887 3284 1712
6886 3286 1716
6885 3289 1714
6884 3291 1714
6882 3293 1721
6881 3296 1726
6879 3299 1733
6878 3301 1739
6876 3303 1744
6874 3306 1746
6873 3308 1746
6871 3311 1750
6868 3316 1751
6867 3320 1753
6865 3323 1759
6862 3327 1759
6862 3329 1759
6860 3333 1760
6859 3337 1760
6857 3342 1761
6854 3347 1769
6851 3352 1769
6848 3355 1773
6847 3359 1773
6845 3363 1771
6842 3369 1765
6840 3373 1760
6837 3378 1759
6837 3381 1756
6835 3386 1759
6834 3393 1763
6831 3398 1761
6828 3403 1761
6824 3408 1763
6822 3416 1763
6821 3422 1767
6819 3429 1771
6817 3434 1777
6816 3441 1784
6814 3448 1792
6811 3455 1801
6809 3462 1809
6808 3470 1817
6807 3477 1822
6805 3484 1828
6804 3490 1832
6803 3498 1833
6802 3506 1833
6799 3512 1833
6799 3521 1832
6798 3529 1833
6797 3535 1837
6796 3544 1844
6796 3551 1849
6795 3558 1852
6794 3566 1853
6792 3576 1853
6790 3583 1861
6789 3592 1866
6787 3602 1873
6786 3610 1875
6785 3619 1864
6784 3627 1865
6783 3634 1868
6782 3644 1873
6780 3653 1885
6778 3660 1888
6777 3670 1896
6776 3679 1906
6773 3687 1914
6771 3697 1926
6771 3707 1926
6769 3715 1926
6770 3723 1936
6769 3729 1948
6768 3735 1962
6767 3743 1979
6765 3753 1987
6764 3761 1996
6762 3771 2000
6761 3780 1997
6760 3787 1997
6759 3797 1990
6758 3805 1994
6757 3814 2003
6756 3824 2008
6754 3833 2024
6752 3842 2029
6751 3853 2032
6748 3862 2039
6748 3871 2040
6746 3882 2043
6745 3891 2050
6744 3901 2052
6743 3911 2056
6742 3918 2060
6741 3927 2059
6739 3936 2063
6738 3943 2067
6736 3952 2066
6736 3959 2066
6736 3964 2070
6736 3970 2073
6736 3977 2082
6736 3983 2090
6736 3988 2093
6738 3991 2095
6738 3994 2099
6738 3997 2103
6739 4001 2109
6738 4003 2116
6736 4005 2129
6736 4005 2148
6736 4006 2174
6738 4006 2208
6738 4005 2244
6738 4005 2288
6738 4005 2336
6738 4005 2384
6738 4006 2438
6738 4006 2495
6738 4006 2554
6739 4006 2616
6739 4006 2681
6740 4005 2742
6740 4005 2801
6741 4005 2854
6743 4005 2896
6745 4005 2930
6748 4004 2952
6754 4003 2965
6761 4001 2986
6769 3998 2994
6777 3997 3005
6784 3995 3010
6794 3993 3008
6804 3990 3010
6815 3988 3012
6825 3987 3013
6835 3986 3017
6846 3985 3024
6856 3983 3030
6865 3981 3042
6875 3979 3046
6887 3977 3056
6898 3975 3058
6910 3971 3058
6922 3969 3058
6934 3967 3055
6947 3966 3056
6961 3964 3058
6974 3962 3065
6988 3960 3067
7003 3958 3063
7019 3955 3063
7036 3953 3063
7051 3952 3065
7068 3950 3067
7083 3949 3068
7097 3946 3067
7111 3943 3068
7126 3942 3068
7140 3940 3067
7157 3938 3067
7175 3937 3058
7191 3935 3061
7209 3933 3063
7225 3932 3063
7241 3930 3077
7256 3928 3077
7273 3927 3075
7290 3925 3072
7307 3924 3068
7327 3921 3074
7344 3919 3075
7363 3917 3077
7380 3915 3074
7395 3913 3070
7412 3912 3068
7429 3911 3068
7444 3910 3070
7462 3909 3077
7478 3907 3079
7494 3905 3081
7509 3903 3077
7524 3901 3072
7542 3900 3072
7558 3898 3072
7574 3896 3074
7593 3894 3074
7610 3893 3070
7629 3892 3068
7647 3890 3067
7665 3889 3060
7683 3888 3060
7700 3887 3060
7718 3887 3058
7733 3885 3068
7749 3883 3070
7763 3881 3067
7778 3879 3067
7795 3877 3061
7810 3875 3061
7825 3873 3061
7841 3870 3061
7857 3869 3058
7874 3867 3053
7889 3866 3053
7905 3864 3051
7921 3862 3051
7937 3860 3039
7952 3858 3037
7971 3856 3036
7989 3853 3030
8005 3852 3030
8023 3849 3027
8038 3846 3024
8053 3844 3022
8069 3842 3027
8085 3840 3025
8100 3837 3018
8114 3836 3008
8130 3833 3003
8146 3832 2998
8161 3830 2998
8175 3829 3001
8183 3827 2998
8195 3826 2996
8207 3824 2994
8219 3822 2991
8231 3820 2988
8243 3818 2984
8255 3816 2979
8266 3815 2976
8279 3813 2970
8292 3811 2964
8303 3811 2959
8314 3811 2948
8324 3810 2937
8336 3810 2937
8347 3809 2928
8357 3809 2920
8368 3809 2911
8379 3809 2891
8390 3808 2874
8400 3808 2871
8409 3808 2864
8419 3807 2862
8429 3806 2871
8438 3806 2871
8450 3804 2869
8459 3803 2864
8471 3803 2856
8483 3802 2842
8495 3801 2831
8510 3800 2821
8522 3798 2808
8536 3797 2808
8549 3795 2808
8561 3794 2811
8575 3794 2806
8590 3793 2799
8606 3793 2799
8623 3792 2801
8639 3792 2808
8654 3791 2801
8667 3791 2796
8682 3791 2783
8695 3790 2776
8708 3790 2771
8723 3790 2760
8737 3791 2755
8753 3792 2742
8767 3792 2735
8781 3793 2732
8794 3793 2719
8806 3794 2707
8821 3795 2694
8835 3797 2683
8849 3799 2675
8862 3802 2677
8874 3804 2675
8886 3806 2673
8897 3808 2680
8908 3809 2678
8919 3811 2678
8929 3812 2678
8937 3814 2677
8946 3815 2680
8955 3816 2681
8964 3818 2683
8972 3820 2683
8981 3823 2680
8988 3825 2683
8996 3826 2683
9003 3827 2683
9012 3828 2685
9020 3829 2680
9027 3830 2670
9035 3831 2662
9043 3833 2649
9051 3835 2648
9058 3836 2646
9064 3838 2643
9068 3839 2646
9073 3840 2640
9078 3842 2633
9084 3843 2627
9091 3845 2616
9096 3848 2617
9101 3848 2617
9104 3849 2617
9106 3850 2617
9107 3851 2617
9110 3852 2612
9113 3854 2604
9116 3855 2596
9120 3857 2582
9123 3859 2568
9126 3860 2552
9129 3861 2533
9132 3864 2508
9134 3866 2491
9137 3869 2472
9139 3874 2455
9143 3878 2444
9146 3883 2430
9149 3887 2420
9149 3892 2406
9151 3898 2389
9152 3904 2369
9153 3910 2351
9154 3915 2334
9153 3921 2322
9153 3928 2310
9154 3934 2300
9153 3940 2294
9153 3949 2285
9153 3958 2283
9152 3967 2282
9152 3977 2283
9152 3988 2283
9151 3997 2283
9151 4010 2283
9149 4021 2280
9149 4034 2280
9149 4046 2282
9148 4061 2283
9148 4073 2285
9148 4088 2280
9148 4100 2276
9147 4114 2274
9147 4127 2277
9147 4141 2277
9147 4155 2274
9147 4168 2268
9147 4183 2261
9148 4196 2255
9147 4211 2252
9147 4224 2253
9147 4240 2253
9148 4254 2253
9147 4269 2253
9148 4284 2252
9148 4298 2250
9148 4313 2253
9149 4328 2256
9149 4344 2253
9149 4358 2256
9149 4371 2264
9151 4387 2268
9151 4401 2276
9152 4418 2277
9152 4433 2274
9152 4447 2268
9152 4461 2264
9152 4474 2262
9152 4490 2256
9152 4503 2256
9152 4517 2256
9151 4530 2256
9151 4543 2256
9149 4555 2259
9147 4568 2267
9146 4578 2267
9144 4591 2268
9143 4601 2270
9141 4614 2276
9140 4625 2274
9137 4636 2276
9136 4646 2274
9135 4655 2270
9134 4666 2268
9132 4676 2265
9130 4687 2264
9129 4697 2262
9126 4705 2261
9124 4715 2261
9122 4723 2259
9120 4731 2258
9118 4740 2255
9115 4748 2255
9113 4755 2256
9110 4763 2247
9108 4770 2247
9106 4776 2244
9104 4782 2244
9102 4789 2252
9098 4795 2255
9097 4801 2253
9094 4805 2247
9090 4809 2241
9086 4814 2240
9082 4817 2241
9078 4821 2247
9076 4825 2247
9072 4828 2252
9067 4830 2250
9063 4833 2250
9056 4836 2252
9051 4839 2253
9045 4842 2256
9038 4844 2259
9032 4846 2264
9025 4848 2286
9017 4850 2292
9007 4852 2298
8997 4853 2304
8986 4853 2286
8975 4853 2286
8963 4853 2285
8951 4852 2282
8938 4851 2286
8925 4851 2289
8912 4849 2294
8897 4848 2301
8882 4846 2306
8865 4844 2310
8849 4842 2313
8832 4839 2312
8814 4836 2315
8797 4834 2312
8780 4831 2312
8763 4829 2313
8748 4828 2312
8730 4826 2312
8713 4824 2310
8694 4821 2310
8675 4819 2307
8656 4817 2307
8636 4815 2307
8616 4811 2307
8597 4809 2298
8578 4808 2295
8561 4806 2292
8543 4805 2292
8526 4803 2301
8508 4803 2301
8492 4802 2301
8474 4801 2298
8457 4800 2300
8440 4799 2301
8422 4798 2300
8406 4798 2300
8387 4799 2298
8372 4800 2288
8355 4801 2286
8337 4801 2285
8320 4802 2285
8302 4803 2288
8285 4803 2286
8267 4805 2282
8250 4806 2277
8232 4808 2282
8214 4810 2277
8196 4814 2274
8178 4816 2274
8157 4818 2267
8139 4821 2267
8119 4823 2265
8101 4826 2262
8081 4828 2259
8064 4830 2258
8044 4833 2255
8026 4835 2252
8004 4838 2247
7983 4840 2244
7961 4842 2243
7939 4844 2243
7919 4846 2241
7900 4849 2241
7879 4851 2241
7860 4853 2240
7841 4854 2243
7823 4856 2241
7806 4859 2239
7787 4861 2237
7773 4864 2240
7756 4867 2239
7737 4869 2237
7722 4871 2234
7704 4873 2227
7688 4875 2227
7674 4878 2227
7661 4879 2227
7648 4881 2222
7635 4883 2222
7622 4886 2219
7609 4889 2215
7598 4892 2212
7589 4894 2211
7580 4896 2206
7570 4898 2205
7560 4901 2200
7552 4903 2190
7545 4905 2187
7538 4908 2181
7532 4910 2177
7526 4914 2178
7520 4916 2174
7516 4919 2171
7510 4922 2168
7508 4925 2162
7505 4928 2151
7503 4930 2135
7502 4931 2116
7498 4933 2096
7497 4935 2083
7496 4937 2072
7495 4941 2062
7495 4943 2049
7495 4946 2038
7495 4948 2031
7495 4951 2025
7494 4955 2029
7493 4959 2040
7492 4965 2057
7491 4972 2070
7490 4978 2086
7491 4985 2086
7491 4994 2082
7491 5001 2079
7492 5007 2065
7491 5016 2060
7492 5023 2059
7493 5032 2060
7494 5044 2069
7496 5055 2079
7496 5067 2086
7497 5079 2090
7500 5090 2090
7501 5104 2097
7503 5118 2103
7505 5133 2113
7507 5150 2126
7509 5166 2125
7514 5184 2133
7517 5204 2141
7520 5222 2148
7526 5242 2161
7531 5263 2168
7535 5285 2171
7541 5310 2171
7547 5333 2168
7552 5357 2162
7557 5381 2156
7560 5404 2155
7566 5428 2154
7571 5452 2154
7575 5477 2156
7582 5502 2158
7586 5527 2158
7592 5552 2159
7596 5577 2152
7600 5602 2149
7603 5626 2143
7608 5648 2139
7610 5671 2138
7613 5694 2136
7618 5718 2136
7620 5742 2133
7622 5768 2132
7624 5793 2129
7628 5817 2128
7630 5841 2125
7632 5865 2126
7633 5889 2126
7634 5915 2123
7635 5942 2128
7636 5968 2123
7637 5995 2120
7638 6021 2115
7637 6046 2107
7638 6071 2100
7640 6094 2095
7640 6119 2095
7642 6143 2096
7641 6168 2096
7640 6192 2095
7638 6216 2093
7635 6241 2083
7635 6264 2082
7634 6287 2080
7634 6309 2077
7634 6331 2096
7633 6354 2093
7632 6377 2092
7631 6400 2092
7628 6423 2077
7625 6447 2073
7624 6469 2072
7623 6491 2067
7622 6512 2069
7621 6534 2067
7619 6556 2067
7617 6580 2066
7615 6604 2062
7612 6627 2063
7610 6650 2062
7609 6673 2062
7607 6695 2059
7605 6716 2052
7604 6738 2052
7602 6760 2053
7600 6783 2055
7598 6805 2057
7596 6828 2057
7596 6851 2056
7594 6874 2053
7593 6896 2062
7591 6916 2062
7589 6938 2062
7586 6959 2065
7585 6979 2050
7584 7001 2050
7583 7020 2048
7582 7042 2046
7579 7063 2053
7577 7086 2052
7575 7107 2053
7575 7128 2055
7575 7150 2055
7574 7170 2055
7574 7193 2055
7573 7217 2057
7573 7241 2063
7574 7266 2067
7575 7290 2070
7577 7313 2070
7577 7337 2063
7578 7360 2063
7580 7382 2062
7582 7406 2060
7585 7429 2060
7587 7453 2060
7590 7475 2063
7591 7496 2065
7592 7520 2067
7593 7540 2073
7595 7560 2080
7596 7582 2087
7598 7602 2095
7602 7623 2103
7603 7644 2100
7605 7665 2102
7606 7685 2103
7608 7706 2099
7609 7726 2102
7609 7748 2105
7610 7767 2107
7611 7787 2105
7613 7807 2106
7615 7826 2107
7617 7848 2110
7619 7870 2128
7621 7891 2132
7622 7914 2135
7622 7935 2135
7623 7956 2138
7625 7977 2139
7628 7997 2139
7629 8017 2141
7631 8038 2135
7633 8059 2139
7634 8079 2141
7636 8100 2142
7640 8121 2145
7642 8141 2146
7645 8162 2148
7647 8182 2154
7648 8202 2158
7649 8222 2161
7651 8240 2164
7654 8259 2165
7655 8278 2164
7657 8296 2159
7658 8314 2158
7660 8331 2158
7661 8347 2156
7663 8363 2156
7666 8378 2161
7667 8393 2162
7668 8407 2167
7669 8422 2174
7670 8435 2174
7672 8449 2175
7673 8461 2178
7679 8473 2174
7681 8485 2175
7683 8496 2178
7685 8507 2180
7684 8517 2189
7685 8526 2193
7687 8535 2200
7689 8542 2206
7693 8548 2219
7694 8553 2225
7695 8556 2233
7696 8559 2243
7697 8561 2256
7697 8562 2279
7697 8563 2309
7698 8563 2343
7698 8564 2383
7698 8563 2427
7698 8563 2474
7698 8563 2522
7697 8563 2571
7698 8564 2611
7698 8564 2651
7700 8564 2678
7704 8564 2698
7706 8564 2733
7709 8564 2745
7711 8565 2758
7713 8565 2773
7716 8565 2761
7718 8565 2778
7720 8565 2794
7722 8564 2813
7723 8564 2839
7723 8564 2857
7725 8564 2876
7727 8564 2891
7732 8563 2903
7734 8563 2916
7736 8562 2926
7738 8562 2935
7740 8562 2942
7744 8561 2947
7749 8561 2953
7752 8561 2957
7758 8561 2964
7763 8560 2964
7771 8560 2964
7778 8559 2960
7785 8559 2955
7793 8559 2953
7800 8558 2953
7811 8557 2953
7822 8557 2955
7831 8557 2953
7841 8558 2950
7852 8559 2952
7863 8560 2955
7874 8561 2962
7884 8562 2969
7892 8563 2972
7902 8563 2972
7914 8565 2967
7926 8566 2967
7937 8567 2970
7949 8569 2974
7963 8571 2984
7978 8573 2984
7993 8575 2981
8010 8577 2977
8024 8579 2976
8037 8581 2979
8049 8583 2984
8060 8585 2991
8069 8586 2993
8080 8588 2993
8093 8588 2994
8106 8589 2996
8119 8589 2988
8132 8589 2989
8146 8589 2989
8161 8589 2984
8177 8590 3003
8192 8590 3000
8210 8591 2996
8227 8592 3000
8245 8593 2996
8262 8593 3008
8278 8594 3015
8295 8594 3020
8311 8594 3022
8329 8594 3027
8346 8594 3029
8364 8594 3029
8382 8593 3032
8399 8592 3018
8418 8591 3017
8436 8590 3018
8454 8589 3020
8470 8588 3024
8486 8587 3027
8502 8586 3032
8518 8585 3034
8534 8584 3034
8550 8582 3039
8565 8581 3041
8581 8579 3044
8598 8577 3051
8615 8575 3053
8631 8573 3055
8647 8571 3055
8662 8569 3055
8676 8567 3058
8690 8565 3061
8704 8562 3068
8716 8559 3077
8729 8557 3082
8740 8554 3082
8752 8552 3082
8763 8550 3077
8774 8548 3084
8784 8546 3098
8794 8544 3103
8806 8542 3108
8818 8540 3112
8829 8537 3101
8839 8535 3105
8849 8532 3107
8859 8529 3089
8870 8527 3094
8881 8523 3093
8892 8520 3089
8903 8517 3101
8913 8514 3101
8921 8511 3105
8930 8508 3112
8935 8506 3108
8943 8503 3110
8951 8500 3110
8961 8497 3108
8974 8494 3115
8983 8492 3115
8991 8490 3115
8999 8488 3117
9006 8486 3110
9014 8483 3112
9022 8481 3112
9030 8478 3110
9035 8475 3117
9043 8473 3121
9048 8471 3121
9054 8469 3126
9061 8466 3124
9067 8464 3126
9073 8462 3126
9079 8460 3126
9083 8459 3128
9089 8458 3119
9095 8456 3122
9099 8454 3124
9106 8452 3122
9111 8450 3136
9116 8448 3135
9121 8446 3135
9126 8444 3135
9129 8442 3124
9134 8441 3124
9137 8439 3122
9144 8437 3124
9151 8435 3128
9156 8433 3129
9161 8432 3129
9166 8430 3126
9173 8428 3121
9178 8426 3122
9183 8424 3124
9187 8422 3131
9190 8420 3152
9195 8417 3161
9199 8414 3168
9203 8412 3173
9205 8410 3168
9209 8407 3163
9212 8405 3157
9215 8402 3152
9218 8399 3149
9219 8396 3145
9222 8393 3138
9223 8390 3131
9225 8387 3119
9228 8384 3114
9229 8380 3103
9231 8377 3091
9231 8373 3081
9232 8368 3060
9232 8362 3051
9233 8356 3041
9232 8349 3039
9231 8343 3041
9230 8335 3034
9229 8328 3025
9228 8320 3010
9226 8311 2994
9225 8301 2981
9225 8290 2974
9223 8279 2964
9223 8267 2959
9222 8254 2950
9220 8240 2943
9218 8227 2942
9213 8213 2947
9212 8198 2947
9209 8181 2943
9208 8166 2942
9207 8147 2920
9205 8128 2913
9204 8107 2911
9202 8088 2908
9199 8067 2913
9198 8049 2915
9196 8028 2915
9195 8009 2913
9194 7988 2916
9192 7967 2915
9191 7947 2913
9188 7926 2911
9187 7903 2911
9187 7881 2909
9186 7858 2911
9185 7836 2913
9184 7813 2911
9183 7793 2920
9182 7772 2916
9181 7750 2909
9180 7729 2909
9179 7708 2894
9179 7685 2898
9179 7662 2901
9179 7641 2903
9175 7619 2909
9175 7598 2899
9175 7579 2894
9175 7558 2889
9178 7538 2886
9179 7517 2888
9179 7495 2888
9181 7475 2891
9182 7455 2881
9184 7436 2886
9186 7417 2893
9187 7401 2898
9191 7385 2915
9194 7369 2921
9196 7355 2923
9200 7340 2923
9204 7326 2928
9208 7312 2931
9211 7299 2935
9215 7288 2940
9218 7277 2938
9222 7266 2940
9225 7256 2950
9230 7246 2957
9235 7237 2969
9238 7229 2976
9244 7220 2979
9249 7214 2981
9254 7207 2981
9259 7199 2977
9264 7192 2977
9271 7187 2982
9276 7182 2989
9282 7177 3003
9288 7170 3010
9294 7165 3012
9300 7161 3010
9309 7156 3012
9314 7151 3008
9321 7145 3006
9326 7140 3006
9329 7136 3001
9335 7131 3003
9340 7127 3006
9347 7122 3000
9352 7118 3017
9357 7114 3015
9363 7111 3015
9368 7107 3020
9372 7104 3003
9377 7100 3005
9381 7095 3008
9386 7092 3013
9389 7090 3027
9394 7088 3034
9398 7086 3037
9402 7083 3039
9408 7081 3041
9412 7079 3055
9415 7077 3065
9418 7076 3079
9421 7075 3084
9425 7074 3081
9429 7072 3081
9433 7072 3068
9438 7071 3065
9441 7070 3051
9446 7070 3051
9451 7069 3053
9456 7068 3051
9462 7068 3049
9467 7067 3037
9474 7067 3030
9479 7066 3018
9486 7066 3018
9494 7066 3017
9502 7066 3012
9510 7066 3017
9517 7066 3018
9525 7067 3029
9533 7067 3039
9541 7067 3046
9551 7068 3042
9561 7069 3041
9571 7071 3041
9580 7074 3041
9589 7076 3049
9600 7078 3051
9612 7079 3051
9623 7080 3051
9635 7081 3049
9648 7083 3049
9661 7085 3049
9674 7087 3051
9688 7088 3056
9700 7089 3067
9712 7090 3068
9724 7091 3067
9738 7092 3061
9753 7093 3055
9770 7095 3055
9786 7097 3055
9801 7099 3056
9815 7101 3056
9830 7102 3060
9845 7103 3063
9861 7104 3063
9882 7104 3067
9901 7104 3065
9921 7104 3065
9941 7103 3065
9960 7102 3067
9980 7101 3070
9998 7100 3074
10017 7099 3072
10036 7097 3077
10055 7095 3074
10075 7094 3068
10093 7093 3070
10111 7092 3067
10129 7091 3070
10145 7090 3079
10161 7089 3082
10177 7088 3075
10190 7088 3072
10207 7087 3067
10223 7086 3065
10239 7086 3065
10256 7086 3068
10274 7085 3067
10291 7084 3063
10309 7084 3063
10328 7083 3065
10345 7083 3061
10363 7082 3056
10380 7081 3053
10396 7080 3049
10413 7078 3049
10430 7077 3048
10448 7075 3044
10467 7072 3055
10485 7071 3053
10503 7068 3049
10521 7066 3048
10540 7064 3046
10559 7062 3042
10577 7059 3048
10595 7057 3048
10610 7054 3034
10626 7052 3037
10642 7050 3034
10657 7048 3032
10672 7045 3032
10686 7042 3032
10701 7040 3034
10716 7038 3030
10732 7037 3030
10748 7035 3032
10762 7034 3029
10778 7033 3030
10792 7031 3027
10807 7031 3015
10822 7030 3010
10836 7030 3003
10851 7029 3000
10867 7029 3001
10881 7029 3003
10895 7029 3003
10909 7030 3003
10920 7030 3006
10933 7031 3003
10946 7031 3000
10958 7032 2994
10970 7033 3003
10982 7034 3003
10991 7034 3005
11003 7035 3005
11013 7036 2993
11024 7037 2991
11035 7037 2993
11045 7038 2991
11054 7038 2984
11064 7038 2982
11075 7038 2979
11085 7039 2981
11095 7039 2988
11105 7039 2994
11116 7039 2991
11125 7040 2986
11135 7040 2979
11143 7040 2967
11154 7041 2965
11164 7042 2964
11174 7043 2964
11184 7043 2977
11192 7044 2976
11200 7045 2976
11209 7048 2974
11215 7049 2965
11222 7050 2964
11228 7051 2965
11232 7052 2965
11238 7053 2962
11243 7054 2957
11248 7056 2948
11254 7057 2938
11261 7060 2918
11268 7063 2903
11276 7066 2891
11282 7071 2879
11290 7076 2881
11295 7080 2872
11299 7084 2862
11303 7087 2852
11306 7088 2832
11308 7091 2827
11311 7093 2824
11313 7094 2821
11315 7096 2826
11318 7099 2822
11321 7101 2822
11326 7104 2822
11330 7107 2822
11333 7110 2819
11338 7112 2819
11341 7114 2817
11345 7117 2814
11347 7118 2829
11350 7120 2827
11351 7121 2826
11352 7121 2827
11353 7122 2824
11354 7124 2824
11355 7125 2824
11356 7126 2826
11358 7127 2819
11359 7128 2816
11359 7129 2811
11362 7130 2804
11362 7132 2796
11364 7134 2788
11365 7136 2783
11367 7139 2775
11369 7141 2765
11370 7145 2753
11371 7148 2735
11372 7151 2714
11372 7154 2690
11374 7158 2670
11374 7161 2657
11375 7165 2651
11376 7170 2654
11378 7178 2657
11379 7185 2660
11381 7192 2660
11383 7201 2656
11384 7210 2651
11387 7219 2652
11389 7231 2651
11391 7243 2654
11394 7256 2665
11397 7268 2662
11400 7281 2659
11403 7293 2659
11406 7307 2654
11409 7319 2654
11414 7335 2656
11419 7350 2657
11422 7366 2651
11426 7381 2652
11431 7400 2652
11435 7418 2652
11442 7437 2649
11447 7457 2649
11453 7478 2649
11460 7499 2649
11465 7520 2646
11471 7541 2652
11476 7561 2659
11481 7582 2665
11485 7602 2678
11489 7623 2680
11494 7646 2680
11498 7667 2678
11501 7687 2678
11505 7710 2673
11508 7731 2673
11511 7753 2673
11516 7775 2677
11520 7798 2681
11523 7822 2681
11526 7846 2680
11529 7872 2680
11531 7898 2677
11533 7925 2675
11535 7951 2675
11536 7976 2672
11537 8001 2675
11540 8027 2673
11541 8052 2670
11542 8078 2669
11542 8105 2665
11542 8131 2662
11543 8157 2662
11542 8183 2660
11545 8209 2662
11544 8234 2662
11544 8260 2665
11545 8286 2665
11543 8311 2656
11543 8337 2654
11543 8362 2652
11543 8387 2651
11542 8412 2657
11542 8436 2659
11542 8461 2660
11541 8487 2664
11541 8513 2660
11539 8538 2657
11537 8564 2657
11536 8590 2657
11535 8615 2662
11534 8639 2665
11533 8664 2665
11532 8687 2665
11531 8711 2664
11529 8735 2669
11527 8759 2669
11524 8784 2670
11521 8807 2667
11518 8829 2669
11516 8851 2665
11512 8872 2662
11511 8894 2662
11508 8915 2659
11504 8936 2660
11501 8958 2662
11498 8979 2665
11494 9001 2664
11492 9022 2665
11490 9043 2667
11488 9063 2669
11484 9083 2665
11482 9103 2664
11479 9123 2662
11478 9144 2660
11478 9165 2656
11476 9185 2654
11473 9205 2656
11473 9224 2656
11472 9243 2659
11471 9262 2660
11470 9281 2662
11470 9301 2662
11471 9321 2665
11470 9341 2667
11470 9360 2665
11469 9380 2667
11467 9399 2670
11467 9419 2669
11467 9439 2672
11467 9458 2667
11469 9476 2665
11469 9496 2675
11470 9515 2670
11470 9535 2673
11468 9555 2673
11468 9575 2659
11468 9595 2664
11468 9616 2667
11469 9636 2672
11470 9656 2678
11471 9676 2681
11471 9694 2683
11470 9713 2683
11469 9731 2685
11469 9750 2685
11468 9769 2686
11468 9788 2688
11468 9807 2698
11467 9825 2699
11466 9842 2698
11465 9859 2698
11464 9875 2699
11463 9890 2699
11460 9905 2701
11460 9919 2703
11458 9932 2694
11457 9944 2694
11456 9956 2693
11455 9968 2691
11454 9980 2688
11453 9992 2688
11451 10003 2688
11450 10014 2690
11447 10024 2693
11447 10035 2693
11447 10045 2694
11445 10055 2696
11444 10063 2694
11442 10072 2698
11441 10081 2696
11439 10088 2693
11436 10095 2694
11435 10102 2685
11434 10109 2686
11432 10114 2688
11431 10119 2688
11430 10123 2696
11428 10126 2696
11426 10129 2696
11423 10133 2694
11421 10136 2698
11419 10139 2696
11417 10142 2694
11415 10144 2693
11415 10146 2688
11413 10148 2688
11410 10150 2688
11409 10151 2686
11406 10152 2683
11404 10152 2681
11403 10154 2681
11402 10155 2683
11401 10156 2691
11400 10156 2691
11397 10157 2691
11396 10157 2693
11393 10158 2675
11390 10158 2673
11387 10159 2677
11384 10159 2678
11383 10160 2693
11380 10161 2701
11376 10162 2703
11371 10163 2706
11366 10163 2707
11359 10164 2701
11355 10164 2701
11350 10165 2698
11345 10165 2696
11341 10165 2691
11334 10166 2691
11328 10166 2691
11321 10166 2690
11315 10167 2693
11308 10167 2690
11303 10167 2690
11295 10168 2688
11286 10168 2691
11278 10169 2693
11268 10169 2693
11257 10170 2696
11250 10170 2698
11238 10171 2699
11226 10172 2701
11213 10173 2701
11198 10174 2712
11184 10175 2712
11168 10177 2714
11155 10178 2714
11143 10179 2711
11130 10181 2711
11118 10182 2709
11105 10184 2709
11092 10185 2694
11079 10187 2694
11066 10189 2694
11052 10192 2693
11038 10193 2699
11023 10195 2699
11008 10197 2699
10993 10198 2698
10978 10199 2696
10964 10200 2698
10948 10201 2696
10932 10202 2696
10914 10203 2694
10898 10203 2691
10881 10204 2690
10863 10205 2691
10846 10207 2691
10829 10208 2693
10812 10209 2691
10795 10211 2690
10778 10212 2686
10760 10214 2688
10742 10215 2688
10724 10216 2688
10706 10218 2686
10689 10219 2678
10671 10220 2680
10654 10221 2678
10635 10222 2680
10615 10223 2681
10595 10223 2681
10575 10224 2683
10554 10224 2685
10534 10225 2688
10514 10225 2688
10493 10225 2690
10473 10225 2690
10455 10225 2694
10435 10225 2693
10416 10224 2693
10396 10224 2694
10374 10224 2691
10354 10223 2698
10333 10223 2703
10313 10222 2706
10292 10221 2706
10271 10220 2703
10250 10219 2703
10229 10218 2699
10210 10217 2696
10190 10216 2693
10171 10214 2688
10151 10213 2685
10132 10213 2681
10112 10212 2683
10091 10212 2683
10070 10211 2681
10049 10210 2681
10029 10210 2681
10009 10210 2681
9988 10210 2683
9969 10210 2680
9947 10211 2672
9926 10212 2670
9904 10213 2669
9883 10215 2670
9861 10217 2678
9842 10219 2677
9822 10220 2678
9803 10222 2678
9783 10223 2678
9762 10224 2678
9740 10226 2678
9719 10227 2678
9695 10228 2677
9674 10231 2675
9652 10233 2675
9629 10235 2673
9609 10237 2672
9587 10239 2672
9565 10241 2669
9543 10243 2662
9518 10244 2656
9495 10246 2654
9471 10247 2656
9447 10249 2659
9423 10251 2675
9399 10252 2677
9375 10253 2675
9351 10254 2675
9327 10255 2675
9302 10256 2672
9275 10257 2670
9249 10258 2670
9223 10258 2660
9198 10259 2657
9174 10260 2657
9151 10261 2654
9128 10262 2649
9104 10263 2652
9081 10264 2652
9058 10266 2651
9034 10267 2651
9010 10269 2654
8988 10271 2656
8965 10272 2654
8942 10274 2652
8919 10276 2648
8895 10277 2646
8874 10279 2644
8851 10281 2644
8830 10283 2657
8806 10284 2654
8785 10285 2654
8762 10287 2652
8740 10288 2636
8718 10288 2632
8696 10289 2632
8673 10289 2630
8647 10290 2630
8623 10290 2633
8599 10291 2630
8576 10291 2630
8554 10292 2627
8532 10292 2627
8511 10293 2627
8489 10293 2627
8467 10294 2628
8445 10295 2625
8422 10295 2622
8399 10296 2620
8377 10296 2624
8354 10296 2624
8332 10297 2627
8311 10297 2628
8290 10298 2620
8268 10299 2620
8246 10300 2619
8222 10301 2619
8199 10301 2624
8176 10302 2624
8153 10303 2624
8130 10303 2622
8107 10304 2620
8085 10304 2617
8062 10305 2617
8039 10305 2617
8016 10306 2616
7992 10306 2612
7968 10306 2612
7945 10307 2612
7923 10307 2612
7901 10307 2616
7881 10307 2614
7859 10307 2614
7837 10307 2611
7813 10307 2611
7792 10307 2612
7769 10306 2611
7748 10306 2612
7726 10305 2611
7705 10305 2609
7683 10304 2608
7661 10304 2608
7642 10303 2601
7621 10303 2600
7599 10302 2595
7579 10301 2588
7558 10300 2590
7538 10298 2588
7518 10297 2588
7496 10296 2590
7475 10295 2590
7455 10294 2588
7433 10293 2587
7414 10292 2587
7393 10292 2592
7374 10291 2592
7353 10291 2590
7331 10290 2590
7310 10290 2573
7290 10289 2574
7268 10289 2577
7249 10288 2577
7228 10287 2588
7210 10286 2590
7190 10285 2588
7170 10284 2588
7152 10282 2585
7133 10281 2585
7114 10281 2582
7098 10279 2580
7078 10279 2582
7062 10279 2590
7044 10278 2590
7026 10278 2590
7010 10277 2587
6992 10276 2576
6974 10275 2576
6956 10274 2574
6937 10272 2573
6918 10270 2568
6898 10268 2568
6881 10266 2566
6861 10265 2568
6843 10263 2568
6824 10261 2568
6807 10259 2565
6789 10257 2568
6770 10256 2569
6751 10254 2573
6730 10252 2571
6709 10250 2568
6690 10248 2571
6669 10246 2566
6650 10244 2569
6631 10242 2569
6611 10240 2579
6592 10238 2579
6571 10236 2579
6553 10234 2580
6533 10231 2561
6514 10228 2563
6495 10226 2560
6475 10223 2558
6454 10219 2571
6435 10216 2574
6415 10212 2579
6395 10209 2579
6375 10206 2571
6355 10203 2566
6336 10199 2565
6317 10196 2563
6298 10193 2561
6279 10190 2560
6261 10188 2560
6243 10186 2557
6225 10183 2558
6209 10180 2563
6192 10177 2563
6176 10175 2563
6161 10173 2563
6146 10171 2550
6132 10168 2550
6117 10166 2550
6103 10164 2550
6090 10162 2549
6077 10159 2550
6065 10157 2550
6054 10154 2554
6044 10152 2565
6035 10149 2566
6027 10147 2566
6020 10145 2568
6013 10142 2571
6008 10140 2574
6003 10138 2580
5998 10135 2587
5994 10134 2614
5990 10132 2624
5989 10131 2635
5988 10131 2644
5987 10130 2646
5987 10129 2660
5986 10129 2672
5986 10128 2686
5986 10128 2694
5984 10128 2709
5984 10128 2729
5984 10127 2748
5984 10126 2766
5986 10124 2786
5984 10123 2803
5986 10122 2821
5987 10120 2836
5987 10118 2852
5987 10115 2862
5987 10111 2872
5987 10107 2876
5988 10102 2871
5990 10096 2872
5990 10090 2874
5993 10083 2876
5994 10077 2894
5996 10069 2896
5998 10061 2898
6001 10052 2898
6003 10043 2889
6006 10033 2891
6009 10023 2893
6012 10013 2893
6014 10003 2899
6018 9992 2899
6022 9980 2896
6027 9967 2898
6033 9954 2894
6038 9942 2901
6041 9930 2908
6046 9917 2913
6049 9903 2918
6054 9888 2916
6059 9873 2915
6064 9859 2915
6069 9844 2911
6072 9829 2909
6076 9812 2909
6079 9796 2908
6083 9779 2913
6085 9764 2920
6085 9749 2925
6088 9735 2926
6088 9720 2928
6090 9705 2928
6091 9691 2928
6092 9677 2930
6092 9663 2928
6092 9648 2916
6092 9633 2918
6094 9618 2920
6094 9604 2920
6095 9590 2933
6095 9576 2930
6095 9561 2928
6096 9545 2930
6096 9529 2928
6097 9513 2926
6098 9499 2923
6098 9484 2923
6101 9469 2921
6101 9453 2921
6103 9435 2923
6104 9418 2923
6104 9400 2935
6107 9382 2937
6110 9365 2937
6111 9347 2938
6113 9330 2921
6115 9313 2923
6116 9297 2925
6117 9279 2923
6121 9263 2930
6123 9246 2931
6125 9229 2933
6128 9213 2937
6130 9196 2933
6134 9178 2933
6136 9160 2930
6138 9141 2926
6138 9124 2930
6139 9107 2930
6140 9090 2928
6141 9073 2928
6141 9057 2926
6142 9041 2928
6142 9025 2928
6142 9009 2931
6142 8992 2931
6144 8976 2921
6144 8960 2923
6145 8944 2921
6145 8927 2923
6144 8911 2937
6145 8895 2937
6145 8879 2937
6145 8864 2933
6148 8850 2930
6148 8835 2930
6148 8821 2928
6148 8806 2930
6147 8791 2913
6147 8777 2911
6147 8763 2911
6147 8749 2913
6147 8737 2938
6147 8726 2945
6148 8716 2955
6149 8707 2964
6149 8698 2962
6151 8689 2972
6152 8682 2986
6153 8675 3000
6153 8670 3015
6154 8666 3027
6155 8662 3044
6157 8659 3060
6157 8656 3077
6157 8654 3091
6158 8652 3100
6158 8651 3108
6159 8650 3117
6160 8650 3119
6160 8650 3121
6160 8650 3121
6160 8650 3115
6160 8650 3122
6160 8650 3117
6160 8651 3108
6160 8651 3096
6160 8651 3079
6160 8651 3065
6160 8652 3051
6160 8652 3036
6160 8652 3024
6160 8653 3006
6159 8653 2989
6159 8653 2974
6157 8653 2950
6155 8654 2940
6155 8654 2935
6154 8655 2930
6152 8656 2926
6149 8658 2926
6145 8659 2925
6140 8660 2923
6135 8661 2928
6129 8662 2928
6121 8663 2930
6113 8664 2931
6103 8665 2935
6092 8666 2935
6083 8667 2938
6070 8668 2937
6056 8668 2937
6041 8669 2931
6027 8669 2930
6011 8669 2931
5996 8669 2930
5981 8668 2928
5965 8668 2926
5951 8668 2925
5937 8668 2926
5919 8667 2937
5901 8666 2935
5882 8665 2935
5863 8664 2933
5847 8663 2928
5827 8662 2926
5808 8660 2925
5787 8659 2926
5762 8657 2928
5741 8655 2930
5719 8652 2925
5696 8650 2916
5675 8647 2908
5653 8645 2898
5630 8642 2896
5607 8640 2898
5584 8636 2898
5561 8633 2898
5536 8629 2898
5511 8625 2896
5485 8621 2881
5457 8617 2881
5431 8613 2879
5406 8609 2879
5381 8605 2888
5355 8602 2884
5332 8599 2884
5309 8596 2879
5285 8594 2881
5262 8592 2879
5239 8590 2878
5215 8588 2876
5192 8587 2874
5168 8587 2864
5144 8587 2864
5120 8586 2862
5099 8586 2862
5076 8585 2871
5055 8585 2872
5033 8584 2872
5011 8584 2872
4989 8583 2862
4968 8583 2861
4948 8583 2861
4928 8582 2859
4909 8582 2876
4889 8582 2876
4871 8582 2876
4852 8582 2878
4832 8583 2864
4812 8583 2862
4790 8583 2862
4769 8584 2862
4750 8584 2869
4729 8584 2867
4709 8584 2866
4690 8584 2866
4669 8585 2856
4651 8585 2856
4631 8585 2856
4611 8586 2856
4591 8586 2864
4572 8587 2866
4553 8587 2866
4535 8588 2864
4517 8589 2869
4498 8589 2866
4479 8590 2866
4460 8590 2866
4441 8590 2856
4422 8590 2859
4404 8591 2862
4385 8592 2866
4365 8592 2876
4347 8593 2876
4329 8594 2876
4311 8594 2874
4292 8594 2874
4274 8594 2876
4257 8594 2874
4241 8594 2874
4224 8594 2871
4208 8594 2864
4191 8594 2862
4174 8593 2861
4158 8592 2859
4140 8591 2874
4122 8591 2874
4105 8590 2874
4089 8590 2872
4074 8589 2861
4058 8588 2859
4041 8587 2859
4026 8586 2859
4011 8586 2862
3996 8585 2861
3982 8585 2859
3969 8585 2856
3957 8584 2849
3945 8584 2847
3936 8584 2846
3925 8585 2846
3913 8586 2874
3905 8587 2872
3896 8588 2871
3887 8590 2872
3880 8592 2866
3872 8593 2866
3862 8595 2867
3855 8596 2862
3847 8597 2847
3841 8598 2846
3835 8599 2844
3828 8599 2844
3822 8600 2837
3815 8601 2831
3809 8603 2831
3803 8606 2829
3797 8608 2829
3790 8611 2839
3783 8613 2844
3776 8614 2849
3770 8615 2854
3765 8616 2854
3759 8617 2852
3753 8618 2851
3747 8620 2849
3742 8621 2842
3740 8622 2842
3735 8624 2842
3733 8625 2841
3731 8626 2836
3728 8627 2834
3728 8627 2832
3726 8628 2832
3723 8628 2839
3722 8628 2841
3722 8628 2842
3722 8628 2844
3722 8628 2842
3722 8628 2844
3722 8628 2846
3722 8628 2851
3723 8629 2866
3725 8629 2871
3725 8629 2876
3727 8630 2872
3727 8630 2871
3728 8630 2867
3728 8630 2862
3728 8630 2856
3728 8631 2846
3729 8631 2826
3729 8632 2804
3731 8633 2775
3731 8633 2756
3731 8634 2742
3732 8636 2732
3732 8638 2727
3733 8641 2729
3734 8646 2727
3735 8651 2727
3736 8657 2730
3738 8665 2732
3741 8672 2732
3742 8680 2732
3745 8690 2729
3747 8700 2729
3750 8713 2730
3753 8725 2732
3755 8739 2732
3760 8753 2724
3763 8769 2724
3766 8786 2722
3770 8803 2722
3772 8820 2720
3776 8836 2720
3777 8853 2725
3779 8870 2729
3780 8888 2740
3783 8907 2737
3785 8927 2730
3785 8947 2727
3785 8968 2711
3786 8988 2707
3787 9010 2707
3789 9032 2707
3789 9054 2712
3790 9076 2714
3791 9099 2714
3791 9123 2714
3792 9148 2717
3793 9174 2732
3793 9199 2733
3793 9224 2730
3795 9248 2729
3792 9273 2709
3792 9298 2711
3792 9323 2714
3792 9348 2716
3792 9374 2722
3792 9399 2722
3792 9425 2724
3792 9450 2729
3791 9474 2733
3790 9498 2738
3789 9523 2745
3786 9548 2748
3786 9574 2763
3785 9600 2765
3784 9625 2766
3782 9650 2768
3779 9676 2756
3777 9701 2760
3773 9726 2761
3772 9752 2763
3769 9778 2776
3766 9806 2778
3766 9834 2781
3764 9861 2783
3760 9888 2786
3759 9914 2788
3757 9940 2788
3753 9966 2791
3753 9993 2784
3752 10019 2786
3750 10044 2786
3748 10069 2784
3747 10094 2781
3745 10118 2778
3744 10141 2778
3741 10163 2773
3740 10185 2768
3736 10207 2766
3734 10230 2763
3733 10252 2763
3731 10273 2766
3728 10294 2760
3728 10314 2761
3726 10333 2761
3725 10352 2761
3727 10372 2770
3725 10390 2771
3723 10410 2771
3722 10430 2773
3719 10449 2771
3716 10469 2771
3714 10487 2771
3712 10505 2776
3709 10522 2783
3706 10539 2786
3703 10556 2789
3700 10571 2789
3696 10587 2803
3691 10602 2803
3688 10618 2803
3684 10634 2806
3681 10649 2798
3677 10663 2798
3674 10676 2798
3670 10690 2796
3665 10703 2793
3662 10716 2793
3658 10729 2794
3653 10742 2794
3651 10752 2793
3647 10762 2793
3645 10772 2793
3642 10781 2798
3639 10791 2801
3636 10802 2809
3633 10812 2811
3631 10821 2811
3627 10831 2811
3625 10841 2809
3621 10851 2813
3619 10860 2813
3617 10869 2811
3614 10878 2811
3613 10888 2813
3609 10899 2817
3607 10910 2822
3604 10921 2827
3601 10932 2829
3600 10942 2832
3598 10952 2832
3595 10964 2842
3593 10975 2842
3590 10985 2841
3588 10996 2842
3588 11007 2834
3587 11018 2836
3585 11028 2839
3583 11040 2837
3582 11051 2842
3581 11062 2844
3581 11075 2846
3580 11087 2851
3581 11100 2849
3581 11113 2852
3580 11125 2857
3581 11138 2861
3581 11150 2864
3581 11163 2866
3582 11175 2867
3582 11187 2867
3582 11199 2871
3585 11212 2891
3585 11225 2898
3587 11238 2903
3588 11251 2901
3588 11264 2891
3590 11276 2891
3592 11289 2891
3593 11302 2893
3594 11316 2893
3595 11330 2894
3595 11344 2898
3596 11357 2899
3594 11370 2898
3594 11383 2899
3594 11395 2904
3595 11408 2909
3598 11421 2911
3599 11433 2916
3599 11446 2916
3600 11459 2916
3601 11473 2926
3601 11487 2926
3602 11500 2928
3602 11514 2930
3604 11527 2925
3605 11540 2928
3606 11554 2928
3607 11567 2928
3606 11580 2930
3607 11593 2925
3607 11606 2925
3608 11618 2925
3609 11630 2921
3612 11641 2923
3612 11652 2923
3613 11662 2923
3613 11673 2925
3613 11682 2916
3613 11692 2918
3614 11701 2920
3614 11710 2921
3614 11720 2931
3617 11729 2935
3618 11737 2938
3620 11745 2940
3620 11751 2947
3621 11757 2947
3623 11762 2945
3624 11765 2947
3626 11770 2948
3627 11773 2950
3628 11775 2952
3628 11777 2952
3628 11777 2955
3628 11778 2959
3628 11779 2965
3628 11779 2972
3627 11779 2993
3627 11780 3001
3628 11780 3013
3628 11780 3025
3627 11780 3024
3627 11780 3036
3627 11780 3048
3627 11780 3061
3630 11779 3074
3628 11780 3087
3628 11780 3098
3628 11780 3108
3628 11780 3121
3628 11779 3133
3628 11779 3142
3628 11779 3149
3630 11779 3157
3631 11779 3159
3631 11779 3166
3632 11779 3175
3632 11779 3182
3632 11779 3189
3633 11779 3198
3636 11779 3207
3638 11779 3216
3643 11779 3228
3646 11779 3235
3651 11779 3239
3656 11779 3240
3661 11778 3240
3666 11778 3244
3674 11778 3246
3682 11778 3249
3690 11778 3232
3696 11778 3233
3703 11778 3239
3709 11778 3244
3714 11778 3278
3722 11778 3285
3731 11778 3289
3741 11778 3290
3753 11778 3285
3766 11779 3289
3779 11780 3289
3791 11781 3289
3804 11782 3287
3814 11783 3294
3824 11784 3294
3836 11785 3294
3848 11786 3290
3860 11788 3265
3873 11790 3265
3887 11792 3264
3903 11794 3262
3918 11795 3272
3938 11797 3271
3957 11799 3262
3979 11801 3258
4001 11803 3256
4023 11808 3256
4044 11811 3258
4064 11815 3256
4084 11818 3265
4108 11821 3262
4132 11823 3258
4157 11826 3258
4182 11828 3255
4204 11828 3256
4225 11831 3260
4247 11831 3262
4267 11832 3256
4289 11832 3258
4311 11832 3260
4333 11832 3260
4359 11832 3262
4384 11831 3256
4409 11831 3249
4434 11828 3246
4459 11828 3239
4484 11826 3242
4511 11824 3242
4536 11823 3240
4564 11821 3240
4592 11819 3239
4620 11817 3237
4648 11816 3237
4676 11814 3239
4703 11812 3239
4731 11810 3240
4760 11807 3239
4789 11803 3239
4818 11800 3235
4847 11797 3237
4874 11793 3235
4901 11789 3232
4930 11784 3246
4959 11780 3235
4989 11776 3228
5020 11771 3224
5049 11767 3208
5079 11762 3207
5107 11758 3207
5133 11754 3208
5162 11749 3207
5189 11745 3198
5217 11739 3196
5244 11736 3196
5271 11730 3191
5298 11725 3194
5325 11719 3196
5352 11714 3194
5380 11709 3196
5409 11705 3203
5437 11701 3201
5465 11696 3200
5492 11692 3198
5516 11689 3200
5542 11685 3201
5569 11681 3200
5594 11676 3200
5622 11673 3193
5650 11669 3189
5677 11666 3189
5704 11662 3184
5732 11659 3184
5759 11655 3182
5786 11651 3180
5814 11648 3178
5843 11644 3178
5871 11640 3180
5899 11637 3175
5927 11633 3171
5955 11629 3168
5983 11625 3163
6013 11622 3161
6043 11618 3156
6073 11614 3149
6103 11611 3163
6130 11607 3157
6159 11603 3156
6187 11600 3156
6215 11597 3140
6242 11593 3131
6269 11590 3128
6297 11587 3117
6323 11583 3107
6351 11579 3100
6377 11576 3093
6403 11572 3091
6432 11569 3082
6459 11566 3089
6484 11562 3091
6510 11559 3091
6533 11557 3084
6558 11555 3077
6584 11553 3077
6608 11552 3074
6632 11549 3077
6658 11549 3075
6684 11548 3070
6711 11547 3072
6738 11546 3075
6762 11546 3075
6785 11546 3077
6808 11546 3074
6830 11546 3072
6849 11547 3081
6871 11548 3082
6891 11548 3079
6911 11549 3068
6934 11549 3048
6955 11551 3036
6976 11553 3032
6996 11554 3036
7013 11555 3044
7031 11557 3048
7047 11558 3048
7064 11559 3039
7084 11560 3032
7102 11562 3024
7122 11563 3015
7139 11564 3015
7155 11566 3013
7171 11567 3015
7185 11568 3017
7200 11569 3020
7215 11570 3013
7228 11571 3013
7242 11572 3013
7256 11573 3010
7268 11574 3013
7281 11574 3017
7292 11576 3018
7303 11576 3020
7313 11577 3022
7320 11578 3022
7330 11578 3024
7341 11578 3025
7351 11578 3030
7361 11579 3037
7368 11579 3042
7375 11580 3042
7380 11581 3039
7383 11581 3032
7389 11582 3029
7393 11583 3022
7395 11583 3022
7397 11584 3017
7400 11585 3015
7401 11585 3015
7403 11585 3017
7404 11586 3017
7405 11586 3013
7406 11587 3008
7406 11587 3000
7409 11589 2994
7411 11589 2984
7413 11590 2977
7415 11591 2970
7414 11592 2955
7415 11592 2948
7416 11593 2940
7417 11594 2928
7418 11595 2925
7419 11596 2916
7419 11597 2908
7419 11598 2899
7420 11600 2893
7420 11602 2884
7422 11605 2881
7424 11609 2876
7426 11612 2871
7428 11618 2866
7429 11623 2859
7431 11630 2856
7432 11638 2854
7434 11647 2847
7438 11656 2849
7440 11666 2851
7444 11676 2849
7447 11689 2854
7450 11703 2851
7453 11719 2849
7456 11735 2849
7459 11752 2852
7464 11771 2854
7468 11790 2857
7471 11811 2864
7473 11833 2862
7479 11855 2861
7482 11878 2859
7489 11901 2854
7494 11925 2849
7498 11948 2851
7504 11972 2849
7507 11997 2851
7514 12021 2857
7518 12044 2861
7522 12067 2864
7528 12089 2866
7532 12112 2869
7538 12133 2866
7543 12157 2866
7547 12179 2867
7552 12200 2862
7555 12222 2864
7558 12243 2862
7562 12263 2862
7568 12284 2866
7573 12304 2857
7578 12325 2857
7582 12346 2856
7585 12367 2859
7590 12387 2861
7594 12408 2859
7597 12427 2859
7602 12444 2856
7605 12461 2859
7608 12476 2862
7609 12493 2861
7611 12509 2861
7615 12524 2857
7616 12538 2854
7618 12552 2854
7620 12565 2851
7620 12577 2862
7621 12589 2862
7622 12600 2859
7622 12611 2856
7622 12621 2849
7622 12630 2847
7621 12639 2846
7620 12646 2846
7618 12654 2842
7616 12660 2841
7613 12665 2841
7612 12670 2842
7612 12674 2837
7610 12678 2837
7609 12682 2841
7607 12684 2842
7604 12686 2844
7604 12687 2844
7602 12688 2841
7600 12689 2837
7598 12690 2839
7596 12690 2832
7594 12691 2832
7591 12691 2837
7589 12691 2839
7586 12691 2861
7584 12691 2864
7580 12690 2862
7577 12690 2864
7571 12689 2844
7567 12688 2849
7559 12687 2854
7553 12685 2859
7545 12684 2876
7538 12681 2883
7530 12679 2886
7520 12677 2891
7509 12673 2891
7500 12670 2893
7490 12666 2889
7479 12662 2888
7469 12658 2894
7458 12653 2896
7447 12649 2898
7435 12644 2899
7421 12640 2894
7407 12635 2896
7393 12630 2898
7377 12625 2899
7358 12619 2898
7341 12614 2898
7323 12607 2901
7304 12601 2899
7288 12596 2901
7270 12590 2906
7253 12585 2906
7236 12581 2906
7218 12577 2904
7201 12573 2898
7183 12569 2896
7164 12565 2894
7145 12561 2898
7125 12558 2901
7104 12555 2903
7084 12552 2903
7063 12550 2903
7043 12546 2904
7022 12543 2901
7000 12541 2903
6980 12538 2904
6956 12535 2904
6934 12533 2908
6911 12531 2913
6889 12529 2915
6871 12527 2916
6848 12525 2916
6828 12524 2915
6806 12523 2916
6782 12522 2915
6759 12522 2915
6736 12522 2918
6714 12523 2920
6691 12524 2938
6669 12525 2942
6646 12527 2940
6627 12527 2940
6607 12529 2928
6589 12532 2928
6569 12535 2931
6551 12538 2931
6530 12539 2928
6513 12543 2925
6494 12546 2921
6476 12549 2920
6460 12552 2920
6441 12556 2921
6422 12560 2926
6406 12563 2930
6388 12567 2931
6373 12572 2928
6357 12576 2926
6342 12580 2923
6327 12584 2916
6311 12588 2911
6295 12592 2909
6280 12596 2911
6266 12601 2916
6252 12605 2926
6238 12609 2925
6225 12613 2925
6212 12615 2925
6200 12620 2920
6190 12623 2923
6180 12627 2923
6171 12631 2921
6161 12634 2921
6151 12638 2923
6142 12641 2921
6135 12645 2923
6127 12648 2920
6120 12652 2920
6113 12656 2923
6106 12660 2925
6100 12664 2925
6092 12666 2925
6087 12671 2923
6081 12674 2923
6076 12677 2928
6071 12679 2930
6066 12683 2928
6060 12686 2925
6054 12689 2920
6049 12691 2911
6045 12692 2909
6041 12695 2909
6038 12697 2913
6035 12701 2921
6033 12704 2923
6030 12709 2925
6027 12713 2925
6024 12717 2926
6021 12722 2930
6019 12727 2931
6015 12732 2933
6013 12737 2920
6011 12742 2918
6009 12749 2920
6009 12755 2921
6009 12763 2933
6008 12770 2937
6007 12778 2938
6007 12786 2938
6003 12793 2943
6003 12803 2943
6003 12813 2943
6003 12824 2947
6007 12835 2948
6008 12848 2955
6009 12861 2962
6011 12874 2969
6014 12888 2984
6017 12902 2989
6020 12917 2993
6024 12933 2998
6026 12951 2988
6030 12969 2989
6034 12989 2994
6038 13011 3000
6045 13032 3012
6051 13053 3013
6057 13075 3013
6063 13096 3013
6066 13117 3013
6073 13140 3020
6078 13165 3022
6084 13188 3027
6090 13215 3024
6095 13240 3025
6102 13267 3027
6107 13294 3027
6111 13321 3034
6119 13346 3042
6125 13373 3041
6130 13400 3046
6135 13429 3046
6141 13458 3036
6145 13487 3041
6149 13516 3042
6153 13546 3048
6157 13575 3056
6161 13606 3056
6164 13637 3055
6167 13669 3055
6168 13700 3060
6170 13731 3061
6172 13763 3063
6172 13794 3063
6174 13823 3087
6174 13854 3089
6174 13886 3089
6176 13917 3091
6176 13947 3060
6174 13976 3063
6174 14008 3072
6173 14038 3077
6171 14069 3081
6171 14101 3081
6171 14130 3082
6171 14160 3082
6171 14190 3084
6170 14219 3079
6168 14250 3077
6167 14279 3077
6166 14310 3079
6165 14341 3093
6164 14369 3093
6162 14396 3089
6162 14423 3087
6161 14450 3081
6161 14476 3081
6161 14502 3082
6161 14529 3084
6160 14555 3081
6159 14580 3082
6159 14603 3082
6158 14625 3081
6157 14646 3082
6155 14668 3082
6155 14689 3082
6155 14710 3086
6155 14732 3091
6155 14752 3089
6155 14772 3089
6154 14790 3091
6154 14810 3082
6153 14829 3084
6153 14847 3087
6154 14866 3086
6154 14886 3089
6155 14906 3087
6155 14926 3087
6155 14945 3089
6158 14965 3093
6158 14984 3094
6160 15002 3096
6161 15019 3103
6161 15038 3107
6164 15056 3114
6165 15074 3117
6167 15091 3117
6168 15107 3119
6170 15122 3115
6171 15139 3121
6173 15154 3122
6174 15168 3122
6177 15180 3122
6178 15192 3115
6179 15201 3115
6180 15213 3115
6181 15224 3086
6184 15234 3087
6185 15244 3086
6187 15253 3084
6187 15262 3114
6189 15271 3115
6190 15281 3112
6191 15291 3112
6189 15301 3119
6190 15311 3117
6191 15321 3122
6192 15332 3126
6193 15342 3124
6195 15353 3129
6197 15363 3133
6198 15372 3135
6200 15383 3131
6200 15392 3133
6202 15400 3133
6203 15409 3133
6203 15416 3135
6203 15422 3129
6204 15430 3129
6204 15436 3131
6205 15442 3136
6206 15447 3138
6206 15451 3138
6208 15457 3138
6208 15463 3138
6208 15468 3142
6208 15472 3142
6208 15475 3143
6206 15480 3142
6208 15485 3147
6208 15489 3150
6206 15492 3154
6206 15496 3154
6206 15499 3143
6205 15502 3142
6205 15505 3140
6205 15507 3142
6206 15510 3143
6206 15512 3142
6206 15513 3143
6206 15514 3145
6205 15514 3150
6205 15514 3157
6205 15514 3163
6205 15514 3175
6204 15514 3177
6204 15514 3194
6204 15513 3214
6204 15513 3235
6205 15513 3262
6205 15512 3281
6205 15512 3303
6205 15512 3323
6204 15511 3348
6204 15511 3364
6204 15511 3384
6205 15511 3401
6206 15510 3412
6209 15509 3424
6212 15507 3430
6217 15505 3430
6223 15505 3432
6229 15503 3446
6237 15502 3439
6244 15500 3437
6254 15499 3434
6263 15498 3428
6270 15496 3432
6280 15494 3434
6289 15491 3434
6301 15488 3421
6313 15486 3415
6324 15484 3419
6335 15482 3423
6345 15480 3443
6356 15478 3457
6369 15478 3463
6382 15476 3465
6396 15475 3445
6409 15474 3441
6422 15473 3445
6435 15472 3445
6451 15472 3461
6466 15471 3461
6479 15471 3463
6494 15470 3465
6505 15470 3461
6520 15470 3463
6535 15470 3457
6549 15470 3459
6564 15471 3459
6577 15471 3459
6592 15472 3463
6606 15472 3461
6622 15474 3463
6639 15475 3476
6653 15478 3481
6667 15478 3491
6682 15480 3489
6695 15482 3483
6713 15484 3480
6731 15485 3476
6749 15487 3476
6770 15488 3472
6786 15490 3470
6804 15493 3470
6822 15495 3474
6840 15497 3476
6859 15498 3481
6879 15500 3487
6898 15501 3487
6920 15502 3485
6941 15503 3487
6962 15503 3491
6986 15505 3492
7008 15505 3496
7032 15507 3496
7057 15507 3494
7082 15509 3494
7107 15510 3498
7130 15511 3494
7153 15512 3492
7177 15512 3494
7200 15513 3492
7223 15513 3516
7247 15513 3520
7269 15513 3522
7293 15513 3522
7317 15513 3502
7341 15513 3504
7364 15513 3500
7388 15512 3500
7409 15512 3502
7432 15512 3500
7455 15512 3504
7476 15512 3505
7497 15512 3509
7520 15512 3509
7544 15512 3504
7568 15512 3504
7592 15512 3500
7615 15512 3502
7634 15512 3507
7657 15511 3507
7678 15511 3504
7698 15510 3502
7722 15509 3500
7743 15507 3504
7764 15507 3505
7789 15505 3504
7813 15505 3504
7837 15505 3502
7863 15503 3500
7886 15502 3485
7910 15501 3485
7935 15501 3480
7961 15500 3480
7988 15500 3487
8015 15499 3487
8041 15499 3487
8066 15499 3487
8091 15499 3494
8115 15498 3494
8138 15498 3494
8159 15498 3494
8181 15498 3492
8204 15498 3492
8226 15498 3489
8246 15498 3494
8266 15498 3494
8284 15498 3500
8301 15498 3504
8318 15498 3500
8334 15498 3505
8352 15498 3502
8368 15498 3502
8383 15497 3504
8400 15497 3507
8413 15496 3518
8428 15495 3520
8442 15494 3520
8455 15493 3516
8468 15492 3502
8482 15491 3498
8496 15490 3494
8510 15489 3491
8525 15488 3504
8540 15488 3498
8555 15488 3496
8571 15488 3492
8586 15488 3480
8601 15487 3478
8616 15487 3474
8633 15487 3470
8645 15487 3472
8659 15487 3472
8671 15487 3476
8684 15486 3480
8699 15486 3496
8712 15486 3494
8725 15486 3491
8737 15486 3485
8750 15486 3452
8762 15485 3446
8774 15485 3441
8787 15485 3435
8799 15486 3441
8812 15486 3435
8825 15487 3435
8837 15488 3432
8848 15488 3435
8860 15488 3441
8870 15488 3441
8881 15488 3445
8892 15487 3443
8902 15486 3441
8913 15485 3441
8923 15484 3439
8932 15482 3439
8943 15482 3434
8952 15480 3437
8961 15478 3437
8970 15478 3434
8977 15476 3441
8986 15474 3446
8995 15473 3448
9002 15472 3448
9012 15470 3430
9020 15468 3419
9028 15465 3413
9035 15463 3412
9041 15460 3415
9047 15457 3419
9054 15453 3417
9060 15450 3404
9067 15447 3417
9073 15445 3412
9080 15441 3404
9085 15438 3406
9089 15435 3403
9094 15430 3401
9098 15428 3401
9102 15423 3397
9106 15419 3392
9107 15415 3384
9110 15411 3381
9113 15405 3373
9117 15400 3363
9121 15395 3359
9123 15390 3355
9124 15384 3353
9126 15378 3344
9127 15372 3337
9128 15367 3328
9129 15360 3323
9129 15351 3319
9130 15343 3314
9130 15333 3310
9129 15322 3303
9128 15312 3299
9124 15299 3298
9123 15287 3294
9121 15272 3292
9119 15260 3294
9119 15244 3281
9117 15230 3281
9114 15214 3283
9111 15195 3278
9109 15176 3294
9106 15158 3294
9103 15138 3292
9099 15118 3294
9097 15099 3287
9094 15078 3285
9092 15057 3289
9089 15035 3289
9086 15012 3290
9085 14989 3294
9082 14964 3292
9080 14939 3296
9076 14912 3289
9072 14885 3283
9070 14858 3285
9068 14833 3287
9066 14808 3292
9065 14782 3294
9063 14756 3292
9060 14729 3289
9059 14702 3289
9056 14675 3299
9054 14648 3296
9053 14621 3296
9052 14595 3289
9052 14568 3276
9051 14539 3274
9050 14511 3274
9050 14482 3278
9046 14455 3274
9046 14428 3274
9046 14401 3274
9046 14374 3272
9047 14348 3281
9047 14321 3281
9048 14295 3283
9048 14269 3290
9051 14245 3281
9052 14222 3285
9055 14201 3289
9057 14180 3285
9060 14160 3283
9064 14140 3283
9067 14120 3280
9070 14098 3281
9073 14077 3294
9077 14056 3296
9080 14035 3299
9084 14015 3301
9086 13995 3296
9090 13974 3287
9094 13956 3283
9098 13937 3283
9103 13916 3281
9107 13895 3298
9111 13874 3299
9114 13854 3301
9118 13834 3303
9120 13814 3299
9123 13795 3299
9126 13777 3305
9129 13760 3310
9134 13743 3312
9137 13727 3314
9140 13710 3314
9142 13694 3314
9143 13679 3319
9145 13664 3325
9147 13648 3323
9149 13633 3323
9152 13617 3321
9155 13604 3321
9157 13591 3323
9159 13579 3321
9162 13568 3321
9164 13557 3321
9166 13546 3323
9169 13536 3326
9170 13525 3328
9172 13517 3330
9174 13508 3332
9177 13498 3332
9179 13492 3334
9181 13484 3335
9183 13477 3339
9185 13471 3348
9188 13466 3353
9191 13461 3359
9194 13456 3364
9196 13452 3364
9198 13448 3366
9202 13444 3390
9204 13441 3397
9207 13438 3401
9210 13435 3410
9213 13432 3401
9216 13430 3403
9218 13427 3406
9221 13425 3406
9224 13423 3403
9225 13423 3408
9229 13421 3412
9231 13419 3419
9231 13416 3424
9234 13415 3430
9236 13414 3434
9238 13413 3434
9245 13411 3426
9248 13410 3426
9251 13408 3428
9254 13406 3432
9257 13405 3437
9261 13404 3439
9264 13402 3437
9269 13400 3434
9273 13398 3434
9276 13398 3430
9280 13396 3434
9283 13396 3435
9288 13394 3439
9293 13394 3437
9297 13392 3430
9302 13390 3424
9307 13390 3417
9312 13389 3403
9318 13388 3395
9324 13387 3393
9331 13387 3393
9340 13386 3399
9348 13386 3403
9356 13385 3403
9364 13385 3403
9374 13385 3403
9383 13384 3403
9393 13385 3404
9403 13385 3403
9413 13385 3403
9424 13386 3404
9436 13386 3401
9449 13386 3401
9462 13386 3403
9475 13386 3395
9490 13387 3395
9505 13387 3392
9521 13387 3384
9536 13387 3386
9551 13387 3390
9565 13387 3392
9578 13387 3399
9594 13386 3401
9610 13386 3399
9627 13385 3401
9644 13385 3397
9662 13385 3399
9678 13386 3403
9695 13386 3403
9710 13386 3406
9726 13387 3415
9741 13387 3415
9756 13387 3413
9770 13388 3413
9783 13389 3399
9797 13390 3397
9810 13392 3397
9825 13392 3401
9838 13394 3404
9851 13396 3406
9863 13398 3406
9875 13400 3404
9886 13402 3406
9898 13404 3408
9909 13405 3408
9920 13406 3406
9929 13408 3403
9937 13409 3403
9946 13411 3403
9954 13413 3401
9962 13414 3403
9968 13415 3403
9974 13417 3403
9979 13419 3403
9985 13419 3393
9990 13421 3390
9994 13421 3386
9997 13421 3386
9999 13423 3390
10000 13423 3392
10002 13423 3393
10003 13423 3393
10004 13423 3395
10006 13425 3399
10008 13425 3397
10010 13425 3393
10012 13425 3390
10013 13425 3382
10016 13425 3382
10017 13425 3384
10019 13425 3384
10021 13425 3390
10022 13425 3390
10023 13425 3390
10024 13425 3388
10022 13427 3382
10022 13427 3377
10022 13427 3375
10022 13427 3368
10024 13427 3363
10023 13427 3353
10023 13427 3341
10023 13427 3328
10023 13427 3308
10023 13429 3294
10024 13430 3278
10023 13430 3264
10023 13432 3251
10022 13434 3240
10023 13437 3235
10022 13440 3232
10022 13444 3240
10023 13450 3242
10023 13457 3242
10022 13465 3242
10024 13473 3237
10022 13485 3240
10022 13494 3242
10022 13507 3240
10021 13519 3242
10021 13533 3248
10020 13546 3249
10020 13561 3251
10019 13577 3251
10019 13593 3249
10018 13611 3249
10018 13631 3251
10017 13650 3251
10016 13670 3246
10015 13691 3246
10013 13711 3244
10013 13731 3242
10012 13752 3244
10012 13775 3246
10012 13797 3246
10013 13822 3248
10013 13846 3251
10015 13871 3253
10016 13898 3255
10016 13924 3258
10017 13951 3264
10018 13978 3267
10020 14004 3269
10021 14033 3271
10023 14062 3269
10025 14091 3271
10026 14120 3274
10029 14150 3272
10030 14178 3272
10033 14206 3271
10035 14237 3269
10038 14269 3269
10043 14301 3269
10046 14333 3271
10050 14367 3276
10053 14399 3276
10056 14431 3281
10060 14466 3285
10063 14500 3283
10066 14533 3281
10069 14566 3283
10073 14599 3280
10075 14632 3285
10077 14664 3290
10081 14699 3290
10084 14734 3299
10086 14766 3301
10088 14801 3301
10091 14836 3305
10092 14870 3298
10095 14908 3298
10098 14943 3298
10101 14982 3299
10106 15017 3296
10108 15054 3298
10111 15090 3298
10113 15126 3299
10114 15162 3312
10115 15196 3316
10118 15232 3319
10119 15266 3323
10120 15298 3312
10120 15333 3310
10120 15368 3312
10120 15401 3314
10119 15435 3325
10119 15469 3330
10118 15502 3328
10117 15539 3328
10114 15574 3326
10112 15611 3323
10109 15647 3325
10107 15682 3323
10105 15717 3323
10102 15752 3317
10101 15788 3317
10098 15823 3316
10095 15857 3314
10092 15891 3312
10088 15926 3308
10085 15961 3303
10082 15995 3299
10077 16030 3296
10075 16063 3292
10072 16096 3290
10068 16128 3290
10063 16161 3292
10060 16196 3290
10056 16230 3287
10051 16262 3281
10049 16294 3278
10045 16327 3276
10041 16359 3272
10037 16390 3271
10034 16421 3276
10031 16452 3274
10028 16483 3272
10024 16512 3271
10019 16541 3264
10015 16569 3260
10012 16597 3258
10008 16625 3255
10006 16655 3258
10003 16683 3256
10000 16710 3255
9997 16737 3253
9994 16763 3249
9991 16791 3249
9987 16820 3248
9986 16848 3248
9983 16877 3244
9980 16906 3251
9977 16934 3253
9974 16962 3253
9972 16989 3251
9971 17016 3251
9970 17043 3251
9968 17071 3251
9966 17099 3251
9964 17126 3244
9962 17153 3249
9961 17178 3251
9959 17203 3253
9958 17228 3251
9956 17253 3251
9954 17279 3251
9952 17304 3253
9950 17328 3256
9949 17352 3258
9947 17375 3258
9945 17397 3260
9941 17419 3258
9937 17441 3255
9936 17464 3255
9934 17487 3251
9933 17511 3258
9932 17534 3260
9930 17557 3260
9929 17578 3260
9926 17599 3258
9924 17620 3258
9923 17639 3256
9921 17661 3258
9920 17682 3253
9919 17702 3255
9918 17721 3255
9917 17740 3255
9915 17758 3255
9915 17775 3255
9913 17790 3258
9911 17804 3262
9911 17817 3267
9908 17828 3260
9907 17839 3260
9906 17849 3258
9905 17856 3255
9906 17864 3265
9904 17871 3265
9904 17877 3265
9902 17882 3265
9901 17886 3262
9899 17889 3260
9898 17891 3258
9898 17892 3258
9896 17893 3258
9896 17893 3260
9895 17895 3262
9895 17895 3260
9896 17895 3262
9896 17893 3262
9896 17893 3262
9896 17892 3265
9896 17892 3264
9896 17892 3262
9896 17891 3253
9895 17891 3251
9895 17891 3246
9894 17891 3240
9893 17891 3235
9890 17891 3232
9886 17891 3230
9885 17890 3230
9881 17890 3230
9878 17890 3240
9873 17890 3240
9868 17889 3237
9863 17889 3233
9856 17888 3214
9848 17888 3212
9841 17888 3210
9831 17888 3208
9821 17887 3216
9809 17886 3216
9797 17885 3217
9784 17883 3217
9771 17882 3221
9756 17880 3219
9740 17879 3219
9724 17877 3223
9706 17874 3226
9688 17872 3228
9669 17870 3230
9649 17868 3226
9629 17866 3244
9609 17864 3244
9588 17863 3242
9567 17862 3237
9546 17862 3193
9524 17862 3187
9502 17862 3185
9479 17864 3184
9458 17865 3196
9435 17867 3194
9412 17868 3193
9388 17871 3196
9363 17874 3191
9338 17877 3187
9313 17879 3185
9287 17882 3187
9261 17885 3198
9235 17888 3203
9209 17891 3203
9184 17893 3198
9159 17896 3194
9133 17899 3196
9106 17901 3198
9078 17903 3200
9050 17905 3194
9022 17906 3196
8995 17909 3193
8967 17911 3194
8940 17913 3198
8912 17915 3180
8885 17917 3184
8857 17918 3185
8828 17920 3187
8800 17922 3201
8771 17924 3198
8742 17925 3196
8713 17927 3194
8682 17929 3191
8652 17931 3191
8621 17934 3191
8590 17936 3189
8560 17939 3184
8529 17942 3184
8499 17945 3184
8468 17949 3184
8438 17952 3189
8406 17955 3191
8373 17958 3191
8339 17962 3194
8304 17965 3189
8269 17968 3187
8235 17972 3185
8201 17976 3180
8165 17980 3182
8129 17984 3185
8091 17989 3191
8050 17993 3200
8008 17997 3203
7965 18001 3207
7926 18004 3208
7888 18008 3208
7848 18011 3208
7809 18015 3207
7768 18018 3207
7726 18022 3208
7686 18025 3198
7646 18027 3196
7605 18029 3194
7565 18031 3194
7524 18033 3210
7485 18035 3214
7446 18037 3214
7406 18038 3216
7368 18039 3212
7327 18040 3216
7287 18041 3219
7248 18042 3221
7208 18043 3230
7171 18043 3224
7134 18044 3224
7096 18045 3226
7059 18047 3228
7023 18050 3240
6986 18052 3242
6949 18055 3240
6913 18057 3239
6876 18060 3232
6842 18063 3230
6806 18066 3232
6768 18070 3235
6729 18074 3233
6688 18078 3239
6646 18082 3246
6606 18085 3249
6568 18088 3267
6529 18091 3271
6489 18094 3272
6449 18097 3274
6408 18100 3272
6368 18103 3272
6327 18106 3271
6286 18108 3271
6244 18111 3265
6204 18113 3269
6161 18116 3271
6119 18118 3272
6073 18120 3272
6028 18122 3272
5984 18125 3274
5939 18127 3274
5894 18129 3272
5848 18130 3272
5802 18131 3272
5755 18131 3271
5710 18131 3265
5664 18131 3262
5619 18131 3260
5574 18130 3260
5527 18129 3276
5482 18129 3278
5437 18128 3278
5389 18128 3280
5341 18129 3285
5292 18129 3285
5244 18129 3285
5196 18129 3287
5149 18128 3269
5104 18127 3265
5061 18126 3262
5017 18122 3258
4974 18122 3267
4933 18120 3265
4893 18119 3264
4852 18118 3260
4811 18116 3255
4767 18115 3251
4724 18114 3253
4682 18113 3253
4639 18111 3255
4598 18109 3244
4557 18106 3244
4517 18103 3246
4477 18101 3240
4435 18097 3244
4395 18095 3242
4356 18092 3237
4317 18089 3242
4280 18086 3251
4242 18083 3251
4203 18080 3249
4164 18077 3249
4125 18074 3249
4084 18072 3249
4045 18069 3248
4006 18067 3249
3967 18064 3248
3926 18062 3249
3887 18060 3253
3849 18057 3260
3810 18055 3249
3773 18051 3255
3738 18047 3258
3701 18044 3253
3666 18040 3264
3631 18037 3258
3595 18034 3253
3561 18030 3251
3522 18027 3249
3486 18022 3240
3449 18018 3232
3415 18014 3223
3384 18009 3210
3351 18005 3208
3317 18001 3205
3284 17995 3196
3252 17992 3198
3220 17987 3189
3192 17983 3180
3163 17979 3171
3136 17974 3163
3109 17970 3147
3086 17967 3136
3063 17965 3119
3041 17963 3093
3020 17962 3065
3003 17961 3034
2987 17961 3000
2975 17961 2955
2961 17962 2911
2949 17964 2856
2938 17966 2796
2927 17968 2733
2919 17970 2665
2912 17974 2580
2905 17976 2483
2900 17980 2366
2896 17984 2239
2890 17988 2096
2887 17992 1924
2884 17995 1713
2882 18000 1469
2881 18004 1206
2880 18008 919
2880 18012 617
2879 18017 319
2879 18022 26
2879 18022 0
2879 18022 0
2873 18036 0
2871 18040 0
2871 18052 0
2872 18061 0
2874 18070 0
2880 18080 0
2889 18090 0
2903 18094 0
2920 18099 0
2942 18102 0
2953 18103 0
2962 18103 0
2990 18099 0
3001 18097 0
3014 18095 0
3029 18091 0
3046 18086 0
3071 18082 0
3100 18078 0
3127 18072 0
3153 18066 0
3178 18057 0
3203 18045 0
771 733 0
