eink
1
0,0
3821 8333 0
3820 8333 0
3820 8333 0
3820 8332 0
3820 8330 0
3818 8329 0
3818 8327 0
3817 8325 0
3817 8323 0
3816 8320 0
3815 8317 0
3812 8314 0
3811 8311 0
3810 8304 0
3808 8297 0
3804 8289 0
3803 8282 0
3799 8279 0
3797 8276 0
3793 8273 0
3791 8270 0
3785 8267 0
3779 8264 0
3774 8261 0
3769 8258 0
3764 8255 0
3758 8252 0
3753 8249 0
3747 8247 0
3741 8244 0
3735 8241 0
3729 8239 0
3723 8236 0
3717 8234 0
3712 8231 0
3706 8228 0
3698 8226 0
3693 8224 0
3685 8221 0
3679 8219 0
3672 8216 0
3666 8214 0
3661 8212 0
3653 8210 0
3647 8207 0
3642 8205 0
3634 8203 0
3627 8201 0
3621 8199 0
3614 8197 0
3607 8195 0
3601 8193 0
3595 8191 0
3588 8189 0
3581 8187 0
3574 8185 0
3566 8182 0
3558 8180 0
3550 8178 0
3543 8176 0
3534 8174 0
3525 8170 0
3518 8168 0
3510 8167 0
3500 8165 0
3493 8162 0
3484 8160 0
3475 8157 0
3467 8155 0
3458 8154 0
3449 8152 0
3442 8150 0
3434 8148 0
3424 8147 0
3416 8144 0
3408 8142 0
3398 8141 0
3389 8139 0
3379 8138 0
3370 8136 0
3360 8134 0
3351 8132 0
3341 8130 0
3331 8129 0
3321 8127 0
3310 8125 0
3300 8124 0
3289 8122 0
3277 8119 0
3266 8117 0
3256 8116 0
3245 8114 0
3234 8113 0
3222 8111 0
3211 8109 0
3200 8106 0
3188 8105 0
3176 8104 0
3163 8103 0
3152 8101 0
3140 8099 0
3128 8098 0
3117 8097 0
3105 8094 0
3093 8093 0
3082 8092 0
3070 8091 0
3058 8091 0
3048 8090 0
3036 8089 0
3027 8088 0
3016 8087 0
3004 8086 0
2995 8086 0
2985 8085 0
2974 8085 0
2963 8084 0
2953 8084 0
2943 8083 0
2931 8083 0
2920 8081 0
2908 8081 0
2896 8080 0
2885 8079 0
2873 8079 0
2858 8079 0
2846 8078 0
2832 8077 0
2818 8076 0
2803 8075 0
2788 8074 0
2773 8072 0
2756 8069 0
2740 8068 0
2724 8066 0
2709 8064 0
2696 8062 0
4045 6942 0
4044 6942 0
4044 6941 0
4044 6940 0
4044 6938 0
4044 6936 0
4044 6932 0
4043 6927 0
4043 6919 0
4043 6911 0
4041 6893 0
4041 6885 0
4040 6877 0
4040 6866 0
4040 6857 0
4040 6848 0
4039 6838 0
4039 6830 0
4040 6821 0
4040 6812 0
4040 6804 0
4040 6796 0
4040 6787 0
4040 6780 0
4040 6765 0
4039 6754 0
4039 6741 0
4037 6732 0
4034 6723 0
4033 6714 0
4030 6707 0
4026 6700 0
4023 6693 0
4020 6685 0
4017 6680 0
4013 6675 0
4009 6669 0
4006 6663 0
4002 6659 0
4000 6655 0
3998 6651 0
3995 6648 0
3993 6644 0
3992 6640 0
3990 6638 0
3989 6635 0
3989 6633 0
3989 6631 0
3989 6629 0
3990 6627 0
3992 6625 0
3993 6624 0
3994 6622 0
3995 6621 0
3995 6620 0
3998 6620 0
3999 6619 0
4001 6619 0
4001 6618 0
4004 6618 0
4006 6618 0
4007 6618 0
4008 6618 0
4011 6619 0
4013 6619 0
4014 6619 0
4015 6620 0
4017 6620 0
4019 6620 0
4020 6621 0
4021 6621 0
4023 6622 0
4025 6622 0
4026 6623 0
4026 6623 0
4027 6623 0
4028 6623 0
4030 6623 0
4030 6622 0
4030 6621 0
4030 6621 0
4030 6620 0
4028 6619 0
4028 6618 0
4028 6617 0
4027 6614 0
4027 6613 0
4026 6612 0
4026 6611 0
4026 6609 0
4025 6608 0
4024 6607 0
4021 6606 0
4020 6606 0
4020 6605 0
4019 6605 0
4018 6604 0
4015 6604 0
4014 6603 0
4014 6603 0
4013 6603 0
4012 6603 0
4011 6603 0
4009 6602 0
4008 6602 0
4007 6602 0
4006 6602 0
4005 6602 0
4005 6603 0
4004 6603 0
4002 6603 0
4002 6604 0
4001 6604 0
4001 6605 0
4001 6605 0
4000 6605 0
4000 6604 0
4006 6589 0
4006 6587 0
4006 6587 0
4007 6584 1
4007 6580 73
4008 6574 182
4008 6569 289
4007 6564 408
4007 6560 535
4007 6556 649
4007 6553 746
4006 6549 835
4005 6545 928
4004 6541 1023
4001 6536 1126
4001 6533 1234
4001 6530 1333
4000 6528 1438
4000 6526 1538
3999 6523 1625
3998 6522 1703
3995 6520 1760
3994 6518 1798
3993 6516 1831
3990 6512 1849
3988 6509 1865
3986 6506 1891
3982 6503 1919
3977 6501 1963
3975 6498 2014
3971 6495 2067
3969 6494 2119
3968 6492 2160
3967 6491 2196
3963 6491 2226
3962 6490 2253
3960 6490 2278
3957 6489 2304
3956 6489 2332
3952 6487 2363
3949 6486 2391
3943 6484 2421
3936 6481 2447
3928 6479 2475
3919 6479 2499
3913 6477 2518
3909 6477 2538
3904 6476 2546
3899 6475 2564
3896 6474 2583
3892 6474 2599
3891 6474 2617
3888 6474 2627
3887 6475 2633
3887 6475 2639
3885 6475 2644
3885 6475 2646
3885 6475 2650
3885 6475 2651
3886 6476 2647
3886 6476 2651
3887 6477 2659
3887 6479 2677
3888 6480 2705
3891 6483 2743
3894 6489 2788
3899 6495 2835
3906 6502 2881
3916 6510 2919
3926 6520 2953
3939 6530 2985
3954 6544 3012
3967 6557 3034
3982 6573 3057
4001 6588 3073
4020 6605 3090
4041 6621 3106
4063 6637 3114
4085 6654 3124
4110 6670 3133
4134 6686 3146
4158 6704 3159
4179 6722 3170
4200 6740 3183
4218 6758 3191
4237 6777 3204
4255 6796 3217
4274 6813 3226
4292 6833 3239
4310 6851 3246
4327 6870 3257
4343 6886 3269
4359 6904 3274
4374 6921 3286
4388 6936 3294
4400 6953 3304
4411 6967 3317
4421 6983 3322
4431 6995 3328
4440 7009 3333
4447 7020 3336
4455 7032 3342
4460 7041 3344
4465 7050 3347
4470 7058 3350
4471 7064 3362
4473 7070 3365
4475 7077 3369
4476 7082 3371
4477 7086 3372
4477 7088 3374
4478 7088 3376
4478 7089 3376
4477 7090 3372
4477 7090 3373
4477 7091 3375
4478 7091 3371
4478 7091 3373
4479 7092 3375
4479 7094 3377
4479 7096 3381
4482 7100 3383
4485 7103 3386
4489 7107 3390
4497 7113 3405
4504 7118 3411
4514 7128 3416
4526 7138 3420
4539 7150 3411
4555 7165 3418
4573 7183 3427
4593 7203 3437
4614 7224 3452
4635 7247 3460
4657 7271 3469
4681 7295 3477
4709 7321 3486
4737 7348 3497
4767 7376 3506
4799 7406 3517
4828 7437 3527
4860 7469 3530
4891 7501 3542
4923 7534 3550
4957 7570 3561
4992 7606 3578
5025 7644 3586
5061 7681 3594
5095 7720 3601
5132 7760 3609
5170 7801 3614
5207 7846 3621
5244 7888 3626
5279 7932 3623
5317 7974 3629
5355 8015 3634
5395 8058 3638
5437 8101 3650
5476 8143 3656
5514 8187 3662
5552 8229 3667
5590 8272 3671
5630 8315 3678
5668 8358 3680
5706 8402 3684
5744 8446 3686
5780 8490 3693
5817 8534 3699
5854 8577 3705
5890 8619 3712
5927 8661 3711
5965 8702 3716
6003 8743 3718
6041 8783 3722
6079 8824 3726
6117 8863 3730
6153 8903 3734
6190 8944 3736
6229 8984 3745
6268 9025 3746
6306 9067 3749
6345 9109 3754
6382 9152 3750
6421 9194 3752
6460 9235 3755
6498 9274 3758
6539 9314 3759
6577 9355 3765
6618 9396 3771
6659 9436 3777
6701 9476 3790
6744 9516 3795
6784 9557 3803
6824 9597 3805
6865 9638 3806
6905 9679 3806
6947 9721 3808
6988 9765 3811
7032 9809 3813
7076 9852 3827
7120 9895 3833
7164 9938 3836
7208 9982 3839
7253 10028 3834
7301 10074 3836
7349 10120 3841
7399 10167 3844
7447 10215 3842
7496 10264 3845
7547 10314 3849
7597 10367 3850
7648 10419 3853
7699 10473 3855
7751 10528 3856
7803 10582 3858
7856 10638 3863
7911 10693 3867
7967 10750 3868
8024 10808 3870
8082 10867 3875
8139 10928 3877
8195 10990 3875
8253 11054 3875
8311 11119 3873
8369 11184 3877
8428 11249 3877
8486 11315 3881
8545 11381 3884
8608 11447 3881
8669 11513 3884
8729 11581 3882
8788 11649 3884
8843 11716 3877
8901 11783 3878
8959 11848 3878
9016 11912 3872
9073 11975 3876
9130 12037 3875
9187 12099 3877
9244 12158 3877
9302 12219 3875
9360 12280 3875
9413 12339 3877
9466 12397 3884
9517 12455 3892
9568 12511 3898
9619 12565 3901
9669 12621 3901
9718 12674 3905
9769 12727 3909
9818 12779 3912
9868 12830 3916
9917 12882 3919
9962 12933 3920
10009 12984 3924
10053 13033 3925
10096 13080 3931
10139 13125 3944
10180 13169 3948
10220 13212 3953
10258 13253 3956
10296 13292 3947
10331 13330 3951
10367 13365 3955
10401 13400 3959
10434 13434 3965
10468 13465 3966
10503 13496 3968
10538 13523 3968
10571 13552 3973
10604 13581 3980
10634 13608 3983
10663 13634 3985
10692 13658 3983
10719 13681 3981
10747 13702 3982
10774 13721 3985
10800 13743 3989
10826 13762 3992
10854 13781 3993
10880 13802 3994
10906 13822 3996
10931 13842 3997
10957 13863 3999
10982 13885 4002
11007 13906 4004
11033 13929 4005
11058 13951 4008
11083 13975 4011
11110 13999 4015
11138 14025 4020
11166 14050 4022
11193 14077 4023
11222 14104 4024
11245 14133 4017
11270 14160 4017
11295 14190 4018
11320 14218 4019
11347 14248 4029
11371 14277 4027
11393 14304 4021
11415 14331 4017
11434 14357 4009
11453 14382 4015
11472 14406 4014
11490 14430 4012
11507 14452 4012
11524 14474 4005
11540 14494 4005
11554 14512 4005
11566 14530 4005
11574 14545 4007
11585 14558 4008
11594 14568 4010
11600 14578 4011
11607 14584 4014
11612 14591 4015
11615 14595 4017
11617 14597 4017
11622 14598 4014
11622 14598 4015
11622 14598 4019
11622 14597 4024
11620 14597 4035
11620 14597 4040
11620 14596 4042
11619 14596 4045
11619 14596 4043
11619 14595 4048
11618 14595 4051
11618 14595 4053
11618 14593 4052
11616 14593 4057
11616 14593 4059
11616 14591 4061
11613 14591 4065
11615 14589 4063
11615 14589 4062
11615 14586 4062
11615 14584 4059
11613 14583 4061
11613 14581 4061
11612 14579 4058
11612 14576 4057
11610 14574 4051
11609 14572 4047
11608 14570 4045
11608 14568 4043
11610 14566 4042
11609 14562 4036
11608 14560 4026
11607 14558 4016
11603 14555 3998
11600 14552 3981
11600 14549 3961
11598 14546 3936
11596 14543 3916
11595 14541 3886
11594 14537 3849
11593 14535 3804
11594 14533 3757
11593 14533 3691
11592 14531 3613
11591 14530 3520
11587 14529 3393
11586 14527 3244
11583 14524 3047
11579 14522 2776
11574 14520 2391
11569 14518 1855
11562 14516 1111
11555 14511 1
11555 14511 0
11555 14511 0
11555 14518 0
11555 14519 0
11557 14522 0
11560 14522 0
11561 14522 0
11565 14522 0
11570 14521 0
11572 14518 0
11574 14514 0
11575 14509 0
11579 14504 0
11581 14498 0
11583 14494 0
11584 14489 0
11586 14484 0
11587 14482 0
11587 14481 0
11587 14478 0
11587 14475 0
11587 14472 0
11587 14464 0
11587 14455 0
11586 14445 0
11585 14437 0
11584 14428 0
11582 14419 0
1645 553 0
