eink
1
0,0
3993 6276 0
3993 6276 0
3993 6276 0
3993 6275 0
3994 6274 0
3995 6273 0
3995 6272 0
3996 6271 0
3998 6270 0
3999 6268 0
4001 6267 0
4001 6265 0
4004 6264 0
4006 6262 0
4007 6259 0
4009 6258 0
4012 6256 0
4014 6255 0
4017 6254 0
4019 6252 0
4020 6252 0
4023 6251 0
4025 6250 0
4027 6250 0
4030 6250 0
4032 6250 0
4033 6249 0
4037 6249 0
4039 6249 0
4040 6249 0
4044 6249 0
4045 6248 0
4047 6248 0
4051 6249 0
4052 6249 0
4056 6249 0
4058 6249 0
4060 6249 0
4063 6249 0
4064 6249 0
4066 6250 0
4070 6250 0
4071 6250 0
4074 6250 0
4077 6251 0
4081 6252 0
4084 6252 0
4085 6253 0
4088 6254 0
4090 6255 0
4091 6255 0
4093 6256 0
4093 6257 0
4093 6258 0
4091 6259 0
4090 6261 0
4090 6261 0
4089 6261 0
4088 6262 0
4085 6262 0
4084 6262 0
4082 6263 0
4078 6263 0
4076 6263 0
4074 6263 0
4071 6263 0
4068 6264 0
4064 6264 0
4062 6264 0
4058 6265 0
4057 6265 0
4053 6265 0
4052 6266 0
4050 6266 0
4046 6266 0
4045 6267 0
4043 6267 0
4040 6267 0
4038 6267 0
4036 6268 0
4033 6268 0
4028 6268 0
4026 6268 0
4025 6268 0
4021 6269 0
4020 6269 0
4018 6269 0
4015 6269 0
4014 6269 0
4012 6269 0
4009 6269 0
4007 6269 0
4007 6269 0
4006 6269 0
4005 6269 0
4004 6268 0
4004 6267 0
4004 6266 0
4005 6265 0
4006 6264 0
4007 6263 0
4008 6261 0
4009 6259 0
4012 6257 0
4014 6255 0
4015 6253 0
4017 6251 0
4018 6250 0
4019 6248 0
4019 6247 0
4020 6246 0
4020 6245 0
4020 6244 0
4020 6243 0
4020 6242 0
4020 6241 0
4020 6240 0
4019 6239 0
4019 6238 0
4018 6237 0
4017 6236 0
4015 6235 0
4014 6233 0
4013 6232 0
4011 6231 0
4009 6231 0
4007 6230 0
4006 6230 0
4004 6229 0
4001 6229 0
4000 6228 0
3998 6228 0
3995 6228 0
3994 6228 0
3993 6228 0
3990 6228 0
3944 6379 0
3944 6378 0
3944 6377 0
3944 6377 0
3944 6376 0
3944 6375 0
3944 6374 0
3945 6374 0
3945 6372 0
3947 6371 0
3947 6370 0
3947 6369 0
3948 6369 0
3948 6371 0
3947 6373 0
3947 6377 0
3945 6380 0
3944 6385 0
3943 6391 0
3941 6396 0
3939 6400 0
3938 6404 0
3936 6409 0
3935 6415 0
3932 6419 0
3931 6424 0
3931 6428 0
3929 6432 0
3928 6437 0
3925 6442 0
3925 6447 0
3923 6452 0
3920 6456 0
3918 6460 0
3917 6466 0
3914 6471 0
3912 6476 0
3911 6479 0
3907 6484 0
3905 6491 0
3903 6496 0
3899 6502 0
3897 6508 0
3893 6515 0
3891 6522 0
3887 6529 0
3884 6535 0
3880 6542 0
3877 6548 0
3874 6553 0
3869 6557 0
3866 6561 0
3861 6564 0
3856 6568 0
3853 6571 0
3848 6574 0
3842 6577 0
3839 6579 0
3834 6581 0
3830 6583 0
3825 6584 0
3822 6586 0
3817 6587 0
3814 6589 0
3810 6591 0
3806 6592 0
3803 6593 0
3799 6594 0
3798 6596 0
3795 6597 0
3792 6599 0
3791 6601 0
3790 6602 0
3789 6604 0
3787 6605 0
3785 6605 0
3785 6605 0
3784 6605 0
3783 6604 0
3782 6604 0
3782 6603 0
3780 6602 0
3782 6601 0
3782 6600 0
3783 6598 0
3785 6597 0
3785 6596 0
3789 6594 0
3791 6593 0
3793 6592 0
3797 6589 0
3799 6587 0
3804 6586 0
3806 6584 0
3811 6582 0
3815 6580 0
3817 6578 0
3822 6576 0
3825 6573 0
3830 6571 0
3835 6568 0
3839 6564 0
3842 6562 0
3848 6560 0
3853 6558 0
3858 6557 0
3863 6556 0
3869 6555 0
3875 6555 0
3881 6554 0
3887 6553 0
3893 6551 0
3899 6550 0
3905 6548 0
3910 6546 0
3914 6544 0
3918 6541 0
3923 6538 0
3925 6536 0
3929 6534 0
3931 6531 0
3932 6530 0
3935 6529 0
3937 6526 0
3938 6524 0
3941 6521 0
3942 6519 0
3943 6517 0
3944 6513 0
3944 6511 0
3945 6509 0
3945 6507 0
3945 6505 0
3945 6504 0
3944 6502 0
3944 6500 0
3944 6498 0
3943 6496 0
3942 6494 0
3941 6493 0
3939 6491 0
3938 6490 0
3938 6489 0
3937 6487 0
3935 6486 0
3933 6485 0
3932 6484 0
3931 6483 0
3930 6483 0
3929 6482 0
3928 6481 0
3926 6481 0
3925 6480 0
3925 6480 0
3923 6479 0
3922 6479 0
3920 6479 0
3919 6479 0
3918 6479 0
3917 6479 0
3916 6479 0
3913 6479 0
3912 6479 0
3912 6479 0
3910 6479 0
3909 6479 0
3907 6479 0
3906 6480 0
3905 6480 0
3903 6480 0
3900 6481 0
3899 6481 0
3898 6481 0
3896 6482 0
3893 6482 0
3893 6482 0
3891 6483 0
3888 6483 0
3887 6483 0
3886 6484 0
3884 6484 0
3882 6485 0
3880 6485 0
3880 6486 0
3878 6486 0
3877 6487 0
3875 6487 0
3874 6489 0
3874 6490 0
3873 6491 0
3872 6491 0
3871 6492 0
3869 6493 0
3868 6494 0
3868 6494 0
3868 6495 0
3867 6496 0
3867 6497 0
3866 6498 0
3866 6500 0
3865 6501 0
3865 6502 0
3865 6503 0
3865 6504 0
3865 6505 0
3865 6506 0
3863 6507 0
3863 6508 0
3863 6509 0
3863 6510 0
3863 6512 0
3863 6513 0
3863 6515 0
3863 6516 0
3863 6517 0
3863 6518 0
3863 6520 0
3863 6521 0
3862 6522 0
3862 6523 0
3862 6524 0
3863 6524 0
3863 6525 0
3863 6526 0
3863 6527 0
3863 6528 0
3862 6528 0
3862 6529 0
3862 6530 0
3862 6530 0
3861 6530 0
3861 6531 0
3861 6532 0
3861 6533 0
3861 6534 0
3861 6535 0
3862 6535 0
3862 6536 0
3863 6536 0
3863 6537 0
3865 6537 0
3866 6537 0
3866 6538 0
3867 6538 0
3868 6538 0
3868 6540 0
3868 6540 0
3868 6541 0
3868 6540 0
3869 6540 0
3871 6540 0
3871 6538 0
3872 6538 0
3873 6538 0
3873 6537 0
3874 6537 0
3874 6536 0
3875 6536 0
3877 6536 0
3878 6536 0
3879 6535 0
3880 6535 0
3880 6535 0
3881 6535 0
3881 6534 0
3882 6534 0
3884 6534 0
3885 6534 0
3886 6534 0
3887 6534 0
3887 6534 0
3888 6533 0
3890 6533 0
3891 6533 0
3892 6533 0
3893 6532 0
3893 6532 0
3893 6531 0
3894 6530 0
3896 6530 0
3896 6530 0
3897 6529 0
3897 6528 0
3898 6528 0
3898 6527 0
3898 6526 0
3898 6525 0
3898 6524 0
3898 6523 0
3898 6522 0
3898 6521 0
3898 6520 0
3898 6519 0
3898 6518 0
3899 6518 0
3899 6517 0
3899 6516 0
3899 6515 0
3900 6513 0
3901 6512 0
3903 6511 0
3904 6510 0
3905 6510 0
3905 6509 0
3906 6508 0
3906 6507 0
3906 6506 0
3906 6505 0
3906 6504 0
3906 6504 0
3906 6503 0
3907 6502 0
3907 6501 0
3907 6500 0
3907 6499 0
3907 6498 0
3907 6497 0
3906 6496 0
3906 6495 0
3906 6494 0
3906 6493 0
3906 6492 0
3906 6492 0
3906 6491 0
3906 6490 0
3906 6489 0
3906 6489 0
3906 6487 0
3906 6486 0
3907 6486 0
3907 6485 0
3909 6485 0
3909 6484 0
3910 6484 0
3911 6484 0
3911 6483 0
3912 6483 0
3912 6484 0
3913 6484 0
3914 6485 0
3914 6486 0
3916 6486 0
3917 6486 0
3917 6487 0
3918 6487 0
3918 6487 0
3919 6489 0
3920 6489 0
3922 6490 0
3923 6490 0
3923 6491 0
3924 6491 0
3925 6491 0
3925 6491 0
3926 6491 0
3928 6491 0
3929 6491 0
3930 6492 0
3931 6492 0
3931 6492 0
3932 6492 0
3933 6493 0
3935 6493 0
3936 6493 0
3938 6494 0
3938 6494 0
3939 6494 0
3941 6494 0
3942 6495 0
3943 6495 0
3944 6495 0
3944 6495 0
3945 6495 0
3947 6495 0
3948 6495 0
3949 6495 0
3950 6495 0
3950 6495 0
3951 6496 0
3952 6496 0
3954 6496 0
3955 6496 0
3956 6496 0
3957 6496 0
3957 6496 0
3958 6497 0
3960 6497 0
3961 6497 0
3963 6498 0
3963 6498 0
3964 6499 0
3966 6499 0
3968 6500 0
3969 6501 0
3970 6501 0
3973 6502 0
3975 6502 0
3976 6503 0
3977 6503 0
3980 6504 0
3982 6504 0
3983 6504 0
3986 6505 0
3988 6506 0
3989 6507 0
3992 6508 0
3993 6508 0
3995 6509 0
3996 6510 0
3999 6511 0
4001 6512 0
4001 6513 0
4004 6515 0
4006 6515 0
4007 6516 0
4008 6517 0
4011 6517 0
4013 6518 0
4014 6518 0
4015 6519 0
4018 6519 0
4020 6519 0
4021 6520 0
4023 6521 0
4025 6521 0
4026 6522 0
4027 6523 0
4028 6524 0
4031 6525 0
4032 6526 0
4033 6527 0
4034 6528 0
4036 6528 0
4037 6529 0
4039 6530 0
4039 6530 0
4040 6531 0
4041 6531 0
4043 6532 0
4044 6533 0
4045 6534 0
4045 6534 0
4046 6535 0
4047 6535 0
4047 6536 0
4049 6536 0
4049 6537 0
4050 6537 0
4051 6537 0
4052 6537 0
4052 6537 0
4053 6537 0
4055 6537 0
4056 6537 0
4057 6537 0
4058 6537 0
4058 6537 0
4059 6537 0
4059 6538 0
4060 6538 0
4060 6540 0
4062 6540 0
4062 6541 0
4063 6541 0
4063 6542 0
4064 6542 0
4064 6543 0
4064 6544 0
4064 6545 0
4064 6546 0
4064 6547 0
4064 6548 0
4064 6549 0
4064 6550 0
4063 6550 0
4062 6550 0
4060 6550 0
4059 6550 0
4058 6549 0
4058 6549 0
4057 6549 0
4056 6549 0
4055 6549 0
4053 6549 0
4052 6549 0
4052 6549 0
4051 6549 0
4050 6549 0
4049 6549 0
4049 6550 0
4047 6550 0
4046 6550 0
4045 6550 0
4045 6550 0
4044 6550 0
4043 6550 0
4041 6550 0
4040 6551 0
4039 6551 0
4039 6551 0
4038 6552 0
4038 6553 0
4038 6554 0
4039 6554 0
4039 6555 0
4040 6555 0
4041 6555 0
4043 6555 0
4044 6555 0
4045 6555 0
4045 6555 0
4046 6555 0
4047 6555 0
4049 6555 0
4050 6555 0
4051 6555 0
4052 6555 0
4052 6555 0
4055 6556 0
4056 6556 0
4057 6557 0
4058 6557 0
4058 6558 0
4059 6559 0
4062 6559 0
4063 6560 0
4064 6560 0
4064 6561 0
4065 6562 0
4066 6562 0
4068 6563 0
4070 6563 0
4071 6564 0
4071 6566 0
4072 6566 0
4074 6567 0
4075 6568 0
4076 6569 0
4077 6570 0
4077 6571 0
4078 6572 0
4079 6573 0
4082 6574 0
4083 6575 0
4084 6576 0
4085 6578 0
4087 6579 0
4089 6580 0
4090 6580 0
4091 6582 0
4094 6583 0
4096 6584 0
4098 6586 0
4100 6587 0
4102 6588 0
4104 6591 0
4106 6592 0
4108 6593 0
4110 6595 0
4112 6596 0
4114 6597 0
4116 6598 0
4117 6599 0
4119 6600 0
4121 6601 0
4123 6602 0
4125 6603 0
4127 6604 0
4129 6605 0
4131 6606 0
4133 6606 0
4135 6606 0
4136 6607 0
4138 6608 0
4140 6608 0
4142 6609 0
4144 6610 0
4146 6610 0
4148 6611 0
4149 6612 0
4151 6612 0
4153 6612 0
4154 6613 0
4155 6613 0
4158 6613 0
4159 6614 0
4160 6614 0
4161 6614 0
4163 6614 0
4164 6614 0
4165 6614 0
4166 6614 0
4167 6614 0
4168 6614 0
4168 6614 0
4170 6614 0
4171 6614 0
4173 6614 0
4174 6614 0
4176 6614 0
4177 6614 0
4179 6614 0
4180 6614 0
4181 6613 0
4182 6613 0
4182 6612 0
4183 6611 0
4184 6611 0
4184 6610 0
4184 6609 0
4184 6608 0
4185 6607 0
4185 6606 0
4185 6606 0
4185 6605 0
4184 6604 0
4184 6603 0
4184 6602 0
4184 6601 0
4183 6600 0
4182 6599 0
4182 6598 0
4181 6597 0
4181 6596 0
4180 6594 0
4179 6593 0
4178 6592 0
4177 6591 0
4176 6589 0
4174 6587 0
4173 6586 0
4172 6584 0
4171 6583 0
4168 6581 0
4168 6580 0
4166 6579 0
4164 6577 0
4162 6576 0
4161 6574 0
4159 6572 0
4157 6571 0
4155 6569 0
4153 6567 0
4151 6566 0
4149 6563 0
4147 6561 0
4145 6560 0
4143 6558 0
4141 6557 0
4139 6556 0
4136 6555 0
4136 6554 0
4134 6552 0
4133 6551 0
4131 6550 0
4130 6549 0
4128 6548 0
4127 6547 0
4126 6545 0
4125 6544 0
4125 6543 0
4124 6543 0
4123 6542 0
4123 6541 0
4122 6541 0
4122 6540 0
4121 6540 0
4121 6538 0
4121 6537 0
4122 6538 0
4123 6538 0
4123 6540 0
4123 6541 0
4124 6541 0
4124 6542 0
4125 6543 0
4126 6543 0
4126 6544 0
4127 6544 0
4127 6545 0
4128 6545 0
4129 6546 0
4130 6546 0
4131 6547 0
4132 6547 0
4133 6547 0
4134 6547 0
4135 6547 0
4136 6547 0
4136 6546 0
4136 6545 0
4136 6544 0
4135 6543 0
4135 6542 0
4134 6542 0
4133 6541 0
4133 6540 0
4132 6540 0
4131 6538 0
4131 6537 0
4130 6537 0
4129 6536 0
4128 6536 0
4128 6535 0
4127 6535 0
4126 6535 0
4125 6535 0
4124 6534 0
4123 6534 0
4122 6534 0
4122 6533 0
4121 6533 0
4120 6533 0
4119 6532 0
4117 6532 0
4117 6531 0
4116 6531 0
4115 6530 0
4113 6530 0
4111 6530 0
4109 6529 0
4107 6528 0
4105 6527 0
4102 6527 0
4100 6526 0
4098 6525 0
4097 6525 0
4095 6524 0
4094 6523 0
4093 6523 0
4091 6522 0
4090 6521 0
4090 6520 0
4090 6519 0
4091 6518 0
4093 6518 0
4094 6518 0
4095 6519 0
4096 6519 0
4097 6519 0
4098 6519 0
4100 6519 0
4101 6519 0
4103 6519 0
4104 6519 0
4105 6519 0
4107 6519 0
4108 6519 0
4109 6519 0
4111 6519 0
4112 6519 0
4113 6518 0
4115 6518 0
4116 6518 0
4117 6518 0
4119 6517 0
4120 6517 0
4121 6517 0
4122 6516 0
4123 6516 0
4124 6516 0
4126 6515 0
4127 6515 0
4128 6515 0
4130 6515 0
4131 6515 0
4132 6513 0
4133 6513 0
4135 6513 0
4136 6513 0
4136 6513 0
4138 6512 0
4139 6512 0
4140 6512 0
4141 6511 0
4142 6511 0
4143 6511 0
4144 6510 0
4145 6510 0
4146 6509 0
4147 6509 0
4148 6508 0
4149 6507 0
4150 6507 0
4151 6506 0
4152 6505 0
4152 6504 0
4153 6504 0
4154 6503 0
4155 6502 0
4155 6501 0
4155 6500 0
4157 6500 0
4157 6499 0
4158 6498 0
4159 6497 0
4160 6496 0
4161 6495 0
4162 6495 0
4162 6494 0
4163 6493 0
4164 6492 0
4165 6491 0
4166 6490 0
4167 6490 0
4167 6489 0
4168 6489 0
4168 6487 0
4168 6487 0
4168 6486 0
4170 6486 0
4170 6485 0
4171 6485 0
4172 6484 0
4173 6484 0
4173 6483 0
4174 6483 0
4174 6482 0
4174 6482 0
4176 6481 0
4177 6481 0
4178 6480 0
4179 6480 0
4179 6479 0
4180 6479 0
4181 6479 0
4181 6479 0
4182 6479 0
4183 6479 0
4183 6478 0
4184 6478 0
4184 6477 0
4185 6477 0
4185 6476 0
4186 6476 0
4186 6475 0
4187 6475 0
4187 6474 0
4187 6474 0
4187 6473 0
4189 6472 0
4190 6472 0
4190 6471 0
4191 6471 0
4192 6471 0
4192 6470 0
4193 6470 0
4193 6471 0
4195 6471 0
4196 6472 0
4197 6473 0
4198 6474 0
4200 6475 0
4201 6476 0
4203 6477 0
4204 6478 0
4205 6479 0
4206 6479 0
4206 6479 0
4206 6479 0
4208 6479 0
4209 6479 0
4210 6479 0
4210 6480 0
4211 6480 0
4212 6480 0
4212 6481 0
4213 6481 0
4214 6481 0
4214 6482 0
4215 6482 0
4216 6482 0
4217 6482 0
4218 6482 0
4219 6482 0
4219 6482 0
4218 6482 0
4217 6483 0
4217 6484 0
4217 6485 0
4217 6486 0
4216 6486 0
4216 6487 0
4216 6489 0
4215 6489 0
4215 6490 0
4214 6490 0
4213 6490 0
4213 6491 0
4212 6491 0
4211 6492 0
4210 6492 0
4210 6493 0
4209 6493 0
4208 6493 0
4206 6494 0
4206 6494 0
4205 6494 0
4204 6494 0
4203 6495 0
4202 6495 0
4200 6495 0
4199 6495 0
4198 6495 0
4197 6495 0
4196 6496 0
4193 6496 0
4193 6496 0
4192 6496 0
4190 6497 0
4189 6497 0
4187 6497 0
4187 6498 0
4185 6498 0
4184 6498 0
4183 6498 0
4182 6498 0
4181 6498 0
4180 6498 0
4179 6498 0
4178 6498 0
4177 6498 0
4176 6497 0
4174 6497 0
4176 6498 0
4177 6499 0
4177 6499 0
4178 6499 0
4178 6500 0
4179 6500 0
4180 6501 0
4181 6501 0
4182 6502 0
4182 6503 0
4183 6503 0
4184 6504 0
4185 6504 0
4186 6504 0
4187 6504 0
4187 6504 0
4189 6505 0
4190 6505 0
4191 6506 0
4192 6507 0
4193 6507 0
4193 6508 0
4196 6508 0
4197 6509 0
4198 6509 0
4199 6510 0
4200 6511 0
4201 6511 0
4202 6512 0
4203 6512 0
4204 6512 0
4205 6513 0
4206 6513 0
4206 6515 0
4208 6515 0
4210 6516 0
4211 6516 0
4212 6517 0
4213 6517 0
4214 6517 0
4215 6518 0
4216 6518 0
4217 6519 0
4218 6519 0
4219 6519 0
4220 6519 0
4221 6520 0
4222 6520 0
4221 6520 0
4220 6520 0
4219 6520 0
4218 6520 0
4217 6520 0
4216 6520 0
4215 6520 0
4214 6520 0
4213 6519 0
4212 6519 0
4211 6519 0
4210 6519 0
4209 6519 0
4208 6519 0
4206 6518 0
4206 6518 0
4205 6518 0
4204 6518 0
4203 6518 0
4201 6518 0
4200 6518 0
4199 6518 0
4198 6517 0
4197 6517 0
4196 6517 0
4195 6516 0
4193 6516 0
4193 6516 0
4192 6515 0
4191 6515 0
4189 6515 0
4187 6515 0
4187 6515 0
4186 6513 0
4185 6513 0
4184 6513 0
4183 6512 0
4181 6512 0
4180 6511 0
4179 6511 0
4178 6510 0
4177 6509 0
4176 6509 0
4174 6508 0
4173 6507 0
4172 6506 0
4171 6505 0
4170 6505 0
4168 6504 0
4168 6504 0
4168 6504 0
4167 6503 0
4166 6502 0
4165 6502 0
4163 6501 0
4162 6501 0
4161 6500 0
4160 6499 0
4159 6499 0
4158 6498 0
4155 6497 0
4155 6496 0
4154 6495 0
4153 6494 0
4152 6494 0
4151 6493 0
4150 6492 0
4149 6491 0
4148 6491 0
4147 6490 0
4146 6490 0
4145 6490 0
4145 6489 0
4144 6489 0
4143 6487 0
4142 6486 0
4141 6486 0
4141 6485 0
4140 6485 0
4140 6484 0
4140 6483 0
4139 6482 0
4139 6481 0
4138 6481 0
4138 6480 0
4136 6480 0
4136 6479 0
4136 6479 0
4136 6478 0
4135 6477 0
4135 6476 0
4134 6475 0
4134 6474 0
4133 6473 0
4132 6472 0
4132 6471 0
4131 6471 0
4130 6470 0
4129 6469 0
4128 6468 0
4127 6467 0
4126 6467 0
4126 6466 0
4125 6465 0
4124 6464 0
4123 6462 0
4123 6461 0
4122 6460 0
4121 6459 0
4120 6458 0
4117 6456 0
4116 6455 0
4115 6454 0
4113 6452 0
4110 6450 0
4108 6448 0
4107 6447 0
4105 6446 0
4104 6444 0
4103 6443 0
4102 6442 0
4100 6441 0
4100 6440 0
4098 6439 0
4098 6439 0
4097 6437 0
4096 6436 0
4095 6435 0
4095 6434 0
4094 6433 0
4093 6432 0
4093 6431 0
4091 6430 0
4090 6428 0
4090 6428 0
4090 6427 0
4089 6426 0
4089 6425 0
4088 6424 0
4087 6423 0
4085 6422 0
4085 6421 0
4084 6420 0
4084 6419 0
4083 6418 0
4082 6417 0
4081 6416 0
4079 6415 0
4078 6413 0
4077 6411 0
4077 6410 0
4076 6409 0
4075 6408 0
4074 6407 0
4071 6406 0
4071 6405 0
4070 6404 0
4069 6403 0
4068 6403 0
4066 6402 0
4065 6401 0
4064 6400 0
4063 6399 0
4062 6397 0
4060 6396 0
4059 6395 0
4058 6394 0
4057 6392 0
4056 6391 0
4055 6390 0
4052 6389 0
4052 6388 0
4051 6386 0
4050 6384 0
4049 6383 0
4047 6382 0
4046 6381 0
4046 6380 0
4045 6379 0
4045 6378 0
4045 6377 0
4044 6377 0
4044 6376 0
4043 6375 0
4043 6374 0
4043 6373 0
4041 6372 0
4041 6371 0
4041 6370 0
4041 6369 0
4040 6368 0
4040 6367 0
4040 6366 0
4039 6365 0
4039 6364 0
4039 6363 0
4039 6362 0
4039 6360 0
4039 6359 0
4038 6358 0
4038 6357 0
4037 6357 0
4037 6357 0
4036 6356 0
4036 6356 0
4034 6356 0
4034 6355 0
4033 6355 0
4033 6354 0
4032 6353 0
4031 6353 0
4030 6353 0
4030 6352 0
4028 6352 0
4028 6352 0
4027 6351 0
4026 6350 0
4026 6349 0
4026 6348 0
4025 6347 0
4025 6346 0
4024 6346 0
4024 6345 0
4023 6344 0
4021 6343 0
4020 6343 0
4020 6342 0
4019 6341 0
4018 6340 0
4017 6339 0
4015 6338 0
4014 6337 0
4014 6335 0
4013 6334 0
4011 6332 0
4009 6331 0
4008 6330 0
4007 6329 0
4006 6327 0
4005 6327 0
4004 6326 0
4001 6325 0
4001 6323 0
4000 6322 0
3998 6320 0
3996 6319 0
3995 6317 0
3995 6316 0
3993 6314 0
3992 6312 0
3990 6310 0
3989 6308 0
3988 6306 0
3987 6304 0
3986 6302 0
3985 6301 0
3983 6299 0
3982 6297 0
3982 6295 0
3981 6293 0
3980 6290 0
3979 6288 0
3977 6286 0
3976 6283 0
3976 6281 0
3975 6278 0
3974 6276 0
3973 6275 0
3971 6272 0
3970 6270 0
3969 6268 0
3969 6266 0
3969 6263 0
3968 6261 0
3967 6258 0
3966 6256 0
3964 6254 0
3964 6253 0
3963 6252 0
3963 6249 0
3963 6248 0
3961 6244 0
3960 6241 0
3958 6238 0
3957 6233 0
3957 6230 0
3956 6226 0
3955 6223 0
3954 6219 0
3952 6215 0
3952 6211 0
3951 6205 0
3951 6201 0
3950 6197 0
3950 6192 0
3950 6188 0
3951 6182 0
3951 6177 0
3952 6173 0
3952 6170 0
3954 6167 0
3955 6164 0
3955 6160 0
3956 6155 0
3957 6151 0
3958 6148 0
3960 6143 0
3962 6139 0
3963 6134 0
3966 6128 0
3969 6123 0
3971 6119 0
3976 6114 0
3980 6108 0
3985 6102 0
3990 6097 0
3996 6092 0
4002 6087 0
4011 6080 0
4021 6075 0
4033 6070 0
4045 6065 0
4058 6059 0
4070 6053 0
4083 6047 0
4096 6043 0
4110 6037 0
4123 6030 0
4136 6024 0
4151 6019 0
4165 6013 0
4180 6005 0
4196 5998 0
4212 5990 0
4228 5979 0
4244 5970 0
4262 5961 0
4280 5950 0
4298 5940 0
4316 5931 0
4335 5921 0
4355 5913 0
4375 5903 0
4397 5895 0
4419 5887 0
4441 5878 0
4465 5871 0
4490 5865 0
4515 5858 0
4541 5850 0
4567 5844 0
4593 5837 0
4623 5831 0
4652 5823 0
4682 5818 0
4713 5812 0
4745 5806 0
4778 5799 0
4812 5793 0
4846 5788 0
4881 5783 0
4917 5776 0
4953 5771 0
4989 5766 0
5025 5761 0
5062 5756 0
5098 5749 0
5116 5747 0
5136 5745 0
5156 5742 0
5177 5740 0
5199 5738 0
5222 5735 0
5246 5731 0
5269 5727 0
5292 5717 0
5315 5710 0
5336 5700 0
5357 5691 0
5374 5679 0
5392 5665 0
5406 5648 0
5418 5631 0
5427 5612 0
5433 5590 0
5436 5568 0
5438 5545 0
5440 5520 0
5442 5494 0
5442 5465 0
5440 5435 0
5438 5405 0
5419 5372 0
5387 5337 0
5354 5303 0
5320 5272 0
5283 5236 0
5247 5207 0
5209 5172 0
5173 5139 0
5136 5108 0
5101 5078 0
5068 5046 0
5036 5013 0
5006 4981 0
4978 4950 0
4953 4917 0
4932 4882 0
4913 4849 0
4897 4814 0
4883 4778 0
4872 4737 0
4862 4702 0
4853 4658 0
4846 4623 0
4841 4581 0
4836 4542 0
4832 4500 0
4828 4461 0
4825 4421 0
4822 4385 0
4819 4349 0
4816 4318 0
4814 4291 0
4812 4269 0
4809 4237 0
4809 4218 0
4813 4212 0
4827 4206 0
4870 4207 0
4930 4221 0
5001 4280 0
5084 4349 0
5665 4744 0
5689 4753 0
5738 4774 0
5738 4774 0
5890 4839 1740
6092 4931 1766
6349 5056 1786
6582 5184 1798
6792 5311 1805
7005 5451 1816
7224 5604 1828
7453 5769 1846
7693 5950 1866
7942 6145 1894
8201 6354 1920
8469 6576 1954
8743 6812 1992
9024 7063 2032
9310 7323 2073
9598 7596 2110
9885 7878 2152
10170 8172 2205
10451 8474 2262
10724 8784 2306
10994 9101 2337
11253 9423 2351
11505 9746 2362
11748 10069 2378
11974 10389 2402
12185 10700 2428
12383 11003 2449
12562 11292 2469
12725 11566 2479
12868 11817 2480
12992 12044 2481
13099 12245 2481
13186 12416 2485
13257 12559 2489
13308 12671 2496
13340 12752 2504
13358 12803 2490
13362 12830 2461
13352 12834 2428
13330 12817 2399
13294 12778 2393
13243 12715 2400
13176 12626 2416
13095 12513 2426
13000 12378 2437
12893 12221 2450
12773 12043 2457
12639 11845 2471
12492 11629 2479
12334 11391 2478
12165 11138 2466
11982 10871 2450
11789 10587 2438
11582 10290 2433
11361 9980 2434
11130 9659 2447
10887 9330 2457
10634 8997 2457
10376 8660 2455
10109 8319 2456
9837 7979 2466
9559 7642 2515
9276 7309 2574
8992 6983 2645
8709 6664 2721
8427 6363 2788
8148 6079 2842
7877 5819 2879
7616 5578 2915
7369 5355 2954
7139 5148 3017
6921 4957 3082
6721 4788 3136
6538 4639 3166
6376 4515 3182
6238 4416 3183
6127 4345 3183
6045 4299 3193
5990 4276 3193
5960 4276 3202
5957 4297 3220
5977 4342 3235
6026 4408 3264
6102 4498 3287
6206 4611 3302
6337 4743 3313
6496 4896 3316
6680 5067 3314
6886 5259 3314
7116 5467 3323
7364 5696 3321
7629 5942 3322
7908 6205 3320
8197 6484 3304
8494 6780 3298
8794 7085 3287
9098 7400 3278
9397 7724 3266
9694 8054 3260
9984 8390 3270
10266 8727 3274
10539 9062 3277
10796 9391 3280
11040 9712 3274
11264 10020 3271
11468 10314 3273
11655 10584 3279
11817 10833 3292
11961 11056 3306
12082 11252 3320
12182 11419 3328
12259 11557 3325
12317 11663 3324
12356 11741 3321
12377 11790 3313
12385 11813 3298
12379 11813 3290
12359 11790 3287
12324 11744 3290
12273 11671 3302
12206 11571 3309
12119 11446 3310
12012 11295 3302
11885 11120 3297
11739 10920 3285
11574 10694 3280
11390 10444 3275
11186 10173 3264
10965 9883 3261
10724 9574 3259
10467 9250 3254
10193 8913 3247
9904 8565 3247
9603 8212 3249
9292 7857 3259
8976 7504 3275
8656 7156 3287
8336 6815 3291
8017 6489 3308
7707 6177 3312
7405 5886 3313
7116 5616 3319
6843 5364 3330
6582 5139 3350
6341 4941 3369
6122 4767 3384
5927 4619 3385
5763 4498 3392
5628 4403 3401
5524 4338 3413
5449 4298 3424
5404 4283 3441
5383 4290 3467
5387 4322 3492
5423 4388 3522
5484 4485 3543
5577 4608 3556
5704 4752 3575
5861 4912 3589
6054 5090 3606
6276 5291 3618
6530 5515 3623
6807 5767 3628
7104 6038 3635
7421 6333 3641
7756 6654 3646
8104 6998 3646
8464 7367 3643
8828 7754 3638
9190 8160 3635
9547 8579 3631
9895 9006 3623
10233 9445 3626
10554 9882 3619
10853 10317 3619
11128 10744 3626
11375 11155 3619
11600 11548 3620
11800 11917 3609
11974 12257 3590
12123 12563 3583
12242 12834 3578
12336 13067 3580
12407 13263 3584
12455 13421 3588
12483 13542 3596
12492 13629 3588
12485 13684 3574
12463 13711 3549
12431 13714 3516
12385 13693 3495
12324 13644 3481
12250 13568 3473
12156 13464 3463
12043 13327 3457
11910 13163 3453
11757 12971 3452
11587 12752 3457
11399 12505 3465
11193 12234 3477
10970 11936 3490
10728 11615 3489
10470 11273 3481
10197 10913 3470
9909 10540 3474
9605 10154 3482
9288 9763 3493
8959 9368 3505
8622 8972 3500
8282 8584 3504
7939 8202 3512
7597 7836 3513
7265 7487 3516
6939 7158 3508
6629 6851 3503
6335 6569 3501
6060 6317 3496
5811 6090 3500
5584 5894 3501
5387 5727 3505
5220 5589 3511
5085 5483 3514
4986 5405 3517
4919 5355 3524
4883 5333 3529
4873 5336 3541
4887 5364 3553
4927 5417 3562
4992 5491 3575
5088 5588 3584
5212 5704 3593
5364 5841 3603
5545 5999 3610
5751 6182 3616
5981 6393 3619
6231 6632 3625
6502 6900 3629
6794 7191 3634
7103 7505 3640
7426 7836 3643
7760 8186 3650
8097 8556 3651
8435 8942 3654
8775 9347 3653
9108 9767 3647
9437 10197 3640
9755 10638 3643
10061 11085 3648
10355 11532 3647
10633 11983 3648
10893 12425 3654
11133 12857 3648
11346 13279 3657
11536 13679 3660
11707 14054 3645
11854 14402 3637
11979 14716 3616
12083 14990 3600
12163 15224 3596
12222 15419 3586
12260 15569 3580
12280 15679 3571
12284 15753 3547
12272 15796 3528
12247 15809 3506
12209 15794 3489
12159 15751 3478
12095 15678 3476
12014 15574 3479
11916 15439 3483
11802 15269 3485
11672 15066 3489
11524 14831 3500
11359 14564 3512
11174 14268 3525
10972 13946 3524
10749 13598 3511
10512 13229 3490
10252 12838 3476
9977 12431 3480
9685 12010 3488
9377 11579 3504
9058 11144 3514
8726 10706 3513
8386 10271 3518
8040 9843 3517
7693 9425 3525
7343 9019 3531
6999 8632 3530
6662 8263 3531
6335 7919 3531
6020 7603 3539
5722 7317 3547
5446 7063 3563
5195 6839 3573
4968 6644 3583
4775 6476 3596
4608 6337 3616
4475 6227 3629
4378 6150 3642
4311 6101 3652
4275 6078 3643
4261 6076 3655
4270 6098 3670
4304 6145 3688
4363 6218 3713
4452 6322 3723
4572 6454 3724
4720 6612 3732
4901 6797 3738
5112 7008 3754
5348 7241 3761
5609 7505 3763
5892 7794 3765
6193 8109 3757
6513 8449 3760
6844 8811 3764
7183 9199 3765
7527 9603 3764
7870 10028 3777
8210 10470 3773
8545 10921 3768
8868 11387 3758
9175 11855 3738
9465 12323 3733
9738 12783 3732
9987 13229 3744
10214 13656 3752
10418 14052 3752
10595 14419 3744
10748 14747 3728
10876 15031 3714
10980 15270 3705
11057 15465 3705
11109 15609 3708
11140 15707 3705
11152 15761 3686
11148 15779 3664
11129 15764 3636
11096 15717 3616
11042 15634 3622
10972 15516 3619
10882 15364 3618
10771 15178 3624
10639 14968 3630
10490 14730 3643
10322 14462 3651
10135 14172 3648
9931 13856 3639
9710 13517 3625
9469 13160 3616
9211 12784 3618
8933 12391 3616
8637 11985 3621
8321 11568 3631
7991 11149 3635
7647 10732 3639
7295 10321 3646
6942 9924 3643
6583 9539 3640
6233 9175 3647
5884 8832 3653
5548 8509 3668
5225 8210 3697
4917 7935 3698
4631 7685 3702
4363 7464 3707
4122 7269 3693
3905 7105 3703
3715 6966 3714
3556 6860 3722
3429 6783 3732
3334 6733 3740
3275 6711 3743
3244 6711 3750
3235 6733 3765
3248 6781 3774
3284 6854 3785
3345 6954 3796
3436 7080 3811
3557 7224 3824
3709 7392 3833
3892 7582 3844
4104 7791 3851
4341 8022 3862
4604 8273 3876
4885 8542 3887
5184 8833 3884
5503 9146 3893
5831 9477 3899
6168 9828 3901
6507 10195 3909
6848 10578 3907
7185 10971 3905
7516 11376 3904
7836 11787 3901
8135 12194 3896
8416 12597 3888
8672 12983 3882
8900 13348 3876
9103 13688 3874
9276 13995 3882
9415 14266 3881
9526 14493 3879
9605 14677 3874
9655 14814 3859
9680 14907 3845
9683 14961 3826
9665 14978 3809
9625 14962 3791
9566 14913 3783
9486 14830 3783
9383 14714 3789
9262 14568 3792
9119 14393 3797
8956 14190 3796
8775 13960 3793
8574 13708 3802
8354 13437 3802
8116 13142 3807
7858 12831 3815
7581 12504 3803
7288 12158 3808
6976 11806 3812
6650 11446 3812
6311 11087 3814
5960 10735 3817
5603 10393 3816
5245 10066 3808
4889 9757 3810
4541 9467 3805
4204 9199 3801
3882 8955 3802
3581 8731 3809
3303 8533 3815
3048 8359 3824
2822 8208 3833
2625 8086 3841
2460 7990 3846
2326 7924 3851
2226 7883 3855
2156 7865 3856
2112 7868 3860
2093 7887 3866
2095 7925 3877
2114 7985 3885
2155 8067 3893
2219 8173 3901
2311 8302 3909
2427 8448 3916
2566 8610 3924
2734 8786 3932
2925 8974 3939
3143 9175 3945
3383 9389 3956
3640 9616 3966
3918 9855 3972
4211 10106 3984
4517 10368 3988
4832 10640 3989
5152 10924 3995
5472 11214 4000
5791 11515 4000
6104 11822 4001
6403 12133 4001
6691 12447 3997
6958 12759 4000
7206 13063 4004
7431 13358 4007
7631 13639 4005
7807 13899 4004
7955 14140 3998
8078 14353 3991
8176 14535 3980
8250 14686 3972
8298 14803 3963
8324 14883 3947
8333 14929 3931
8318 14942 3904
8286 14924 3885
8235 14876 3870
8164 14797 3867
8077 14687 3865
7966 14551 3861
7838 14384 3858
7692 14194 3852
7526 13978 3853
7344 13743 3856
7147 13490 3858
6929 13219 3862
6700 12935 3854
6453 12639 3853
6192 12335 3855
5920 12026 3863
5634 11717 3877
5340 11409 3886
5038 11113 3892
4733 10825 3893
4431 10552 3896
4130 10296 3893
3836 10057 3894
3555 9837 3892
3290 9640 3893
3042 9464 3900
2818 9311 3907
2615 9181 3926
2437 9073 3934
2285 8990 3941
2161 8930 3946
2066 8894 3951
1996 8879 3957
1953 8884 3959
1930 8911 3964
1926 8958 3949
1937 9028 3954
1966 9119 3960
2015 9231 3967
2082 9361 3979
2169 9505 3984
2281 9665 3991
2414 9837 3997
2568 10021 4005
2740 10218 3998
2928 10425 4012
3131 10640 4019
3351 10863 4023
3583 11095 4042
3830 11335 4045
4085 11582 4057
4347 11836 4071
4608 12097 4075
4868 12361 4074
5124 12631 4076
5372 12901 4070
5609 13171 4070
5831 13440 4067
6040 13702 4055
6231 13958 4051
6406 14204 4050
6561 14434 4052
6696 14649 4055
6811 14841 4055
6907 15011 4057
6980 15155 4057
7034 15271 4048
7070 15362 4034
7089 15424 4018
7097 15462 3980
7091 15474 3946
7076 15468 3917
7049 15441 3887
7012 15393 3880
6961 15320 3878
6900 15224 3881
6824 15106 3879
6735 14966 3877
6631 14807 3872
6514 14629 3870
6383 14434 3873
6235 14225 3876
6075 14001 3884
5901 13767 3897
5714 13523 3905
5513 13271 3923
5298 13017 3934
5070 12762 3941
4830 12507 3951
4579 12260 3943
4320 12018 3949
4059 11787 3951
3796 11570 3947
3538 11368 3954
3284 11182 3956
3038 11013 3959
2804 10862 3969
2587 10728 3977
2383 10614 3984
2201 10520 3988
2035 10444 3999
1892 10390 3995
1775 10355 4000
1679 10340 4004
1610 10343 3996
1563 10364 4013
1538 10403 4006
1530 10458 4004
1538 10531 4007
1565 10620 4020
1610 10725 4030
1672 10845 4040
1755 10977 4042
1863 11122 4027
1991 11275 4029
2140 11437 4027
2310 11606 4030
2498 11780 4025
2704 11962 4028
2928 12150 4034
3163 12343 4044
3405 12541 4061
3652 12742 4074
3901 12946 4088
4149 13151 4095
4390 13357 4095
4624 13560 4095
4844 13760 4095
5048 13954 4095
5238 14142 4095
5411 14320 4095
5567 14484 4095
5707 14634 4095
5825 14770 4095
5927 14887 4095
6006 14984 4095
6066 15060 4095
6107 15113 4095
6129 15147 4095
6140 15164 4094
6141 15168 4084
6135 15160 4078
6123 15139 4077
6104 15101 4085
6078 15047 4086
6041 14972 4086
5994 14881 4079
5935 14773 4073
5867 14650 4063
5790 14512 4055
5702 14362 4050
5607 14198 4048
5501 14020 4045
5387 13827 4038
5265 13627 4033
5136 13419 4033
5005 13205 4028
4873 12992 4024
4742 12778 4020
4618 12565 4007
4500 12359 4005
4394 12160 4000
4301 11968 3997
4223 11788 3989
4161 11618 3983
4117 11459 3980
4090 11314 3980
4079 11181 3985
4090 11062 3991
4117 10957 3997
4159 10867 3998
4221 10789 4005
4295 10725 4002
4387 10672 3994
4496 10631 3985
4624 10601 4000
4775 10584 3988
4946 10577 3980
5138 10582 3974
5349 10599 3938
5574 10624 3941
5816 10660 3935
6069 10705 3929
6333 10758 3926
6609 10820 3909
6894 10890 3905
7185 10972 3900
7482 11061 3891
7781 11157 3888
8081 11258 3881
8381 11362 3875
8675 11470 3863
8962 11581 3856
9238 11693 3846
9503 11806 3838
9757 11920 3833
9996 12031 3824
10221 12139 3827
10428 12245 3818
10613 12344 3808
10778 12435 3799
10919 12516 3788
11036 12584 3789
11130 12640 3796
11198 12682 3803
11242 12711 3799
11265 12729 3773
11269 12740 3732
11258 12746 3685
11237 12749 3638
11198 12749 3608
11146 12744 3593
11080 12735 3585
11003 12719 3579
10915 12698 3576
10815 12672 3568
10699 12640 3560
10575 12600 3552
10442 12555 3547
10301 12503 3539
10157 12444 3533
10004 12380 3532
9844 12311 3530
9677 12238 3533
9502 12161 3536
9326 12082 3536
9148 12000 3538
8971 11915 3547
8796 11828 3562
8619 11738 3580
8440 11647 3596
8259 11557 3611
8078 11470 3622
7898 11387 3625
7721 11305 3637
7546 11226 3650
7380 11145 3664
7219 11068 3692
7063 10996 3705
6919 10929 3716
6781 10870 3727
6653 10817 3747
6541 10771 3757
6444 10731 3773
6365 10698 3781
6307 10675 3777
6268 10660 3787
6246 10653 3795
6238 10650 3812
6240 10652 3835
6250 10659 3851
6272 10672 3862
6308 10693 3862
6365 10723 3853
6443 10760 3853
6544 10806 3846
6670 10860 3844
6818 10923 3839
6987 10997 3819
7177 11082 3820
7388 11178 3814
7616 11285 3808
7863 11401 3823
8119 11530 3809
8387 11670 3794
8662 11820 3776
8941 11979 3742
9225 12145 3720
9509 12317 3705
9789 12493 3695
10063 12671 3691
10333 12847 3698
10593 13021 3697
10843 13190 3698
11082 13350 3701
11302 13502 3685
11511 13642 3689
11707 13771 3690
11886 13887 3684
12050 13987 3689
12192 14072 3683
12315 14139 3679
12420 14190 3676
12507 14225 3674
12579 14243 3676
12635 14243 3673
12676 14226 3665
12704 14194 3650
12721 14145 3626
12726 14081 3606
12720 14001 3586
12701 13902 3570
12667 13786 3563
12622 13652 3547
12560 13504 3528
12485 13342 3509
12397 13167 3482
12295 12977 3470
12182 12772 3470
12055 12552 3477
11912 12322 3494
11758 12078 3510
11592 11822 3523
11414 11557 3519
11229 11280 3499
11034 10997 3484
10828 10709 3468
10617 10418 3458
10394 10124 3466
10165 9829 3468
9935 9532 3472
9700 9238 3477
9466 8953 3480
9234 8675 3487
9005 8411 3489
8781 8157 3509
8569 7921 3521
8369 7705 3524
8184 7508 3533
8024 7334 3540
7885 7180 3545
7772 7049 3553
7687 6937 3562
7630 6852 3565
7598 6785 3588
7591 6736 3619
7602 6705 3651
7631 6684 3673
7679 6678 3686
7743 6684 3688
7828 6707 3682
7936 6745 3679
8065 6800 3690
8217 6873 3689
8389 6963 3686
8580 7074 3682
8789 7199 3664
9014 7340 3654
9250 7495 3645
9497 7664 3631
9754 7845 3616
10017 8038 3603
10284 8241 3599
10551 8449 3601
10813 8664 3597
11073 8885 3588
11321 9107 3575
11565 9327 3559
11796 9546 3550
12012 9760 3549
12215 9964 3547
12400 10159 3550
12569 10340 3553
12717 10504 3561
12844 10651 3569
12950 10774 3575
13035 10876 3579
13102 10954 3576
13147 11009 3575
13173 11041 3556
13181 11055 3519
13173 11053 3482
13155 11036 3441
13122 11005 3418
13075 10958 3414
13014 10893 3410
12939 10809 3406
12851 10704 3397
12744 10577 3385
12617 10430 3372
12476 10266 3355
12320 10086 3343
12149 9893 3330
11968 9687 3321
11773 9474 3323
11568 9252 3334
11354 9028 3345
11134 8797 3347
10907 8564 3336
10674 8330 3317
10440 8093 3305
10198 7862 3312
9958 7633 3322
9719 7406 3333
9479 7184 3340
9250 6967 3337
9022 6757 3335
8801 6557 3334
8591 6369 3334
8395 6192 3332
8213 6029 3334
8049 5883 3335
7905 5751 3334
7785 5638 3335
7687 5543 3337
7615 5467 3342
7564 5410 3347
7533 5367 3353
7522 5341 3367
7524 5327 3383
7541 5323 3397
7570 5328 3414
7615 5346 3416
7678 5378 3417
7761 5427 3416
7869 5493 3431
8002 5579 3431
8156 5685 3429
8337 5810 3427
8535 5951 3407
8750 6113 3410
8982 6291 3410
9224 6481 3417
9474 6689 3422
9734 6912 3419
10000 7145 3413
10270 7388 3398
10539 7640 3386
10805 7898 3397
11065 8162 3413
11313 8428 3431
11553 8688 3440
11780 8945 3431
11991 9192 3423
12185 9430 3423
12362 9655 3433
12518 9862 3445
12653 10047 3459
12766 10211 3471
12854 10351 3479
12917 10464 3484
12958 10552 3491
12975 10609 3483
12971 10645 3472
12949 10657 3458
12906 10647 3445
12842 10618 3433
12758 10564 3423
12651 10482 3411
12522 10376 3404
12374 10244 3393
12205 10089 3377
12016 9914 3355
11808 9719 3313
11583 9508 3277
11342 9281 3240
11090 9045 3195
10822 8797 3136
10544 8542 3072
10254 8284 3010
9955 8021 2969
9649 7760 2953
9333 7496 2949
9013 7235 2946
8687 6980 2943
8359 6727 2935
8028 6483 2926
7699 6250 2921
7373 6024 2910
7050 5814 2905
6731 5614 2913
6418 5425 2927
6113 5250 2946
5822 5088 2967
5544 4944 2983
5283 4817 3008
5038 4705 3057
4811 4611 3098
4604 4534 3144
4419 4473 3180
4258 4433 3201
4122 4410 3222
4011 4401 3235
3924 4410 3246
3861 4430 3251
3821 4467 3263
3801 4517 3278
3801 4584 3296
3821 4666 3316
3863 4764 3335
3929 4876 3351
4020 5003 3363
4133 5148 3373
4271 5307 3391
4432 5482 3412
4616 5677 3434
4822 5886 3454
5051 6113 3465
5298 6358 3471
5561 6619 3478
5838 6897 3486
6123 7190 3490
6420 7502 3499
6724 7827 3503
7034 8168 3506
7348 8523 3520
7661 8888 3526
7975 9264 3532
8284 9646 3530
8586 10036 3523
8883 10431 3513
9169 10828 3511
9444 11229 3512
9708 11627 3501
9958 12023 3494
10189 12412 3485
10402 12791 3480
10594 13154 3492
10765 13496 3504
10917 13814 3515
11050 14101 3522
11163 14356 3517
11254 14577 3516
11327 14761 3508
11377 14912 3505
11407 15024 3506
11418 15104 3499
11408 15149 3492
11380 15167 3483
11333 15157 3475
11266 15119 3474
11180 15049 3480
11074 14943 3489
10947 14803 3502
10799 14630 3521
10632 14426 3529
10445 14197 3536
10241 13942 3530
10023 13669 3517
9784 13377 3510
9530 13073 3498
9260 12758 3497
8971 12428 3504
8670 12087 3506
8349 11735 3506
8014 11377 3493
7661 11015 3465
7293 10652 3424
6910 10288 3373
6510 9928 3306
6097 9570 3228
5666 9218 3130
5221 8874 3022
4763 8537 2880
4294 8207 2657
3814 7886 2369
3325 7572 1995
2826 7271 1573
2322 6983 1157
1812 6704 718
1296 6440 122
781 6181 122
390 5992 122
129 5868 122
0 5805 0
0 5805 0
