eink
1
0,0
11544 3072 0
11544 3071 0
11544 3071 0
11544 3070 0
11544 3069 0
11544 3067 0
11544 3065 0
11543 3063 0
11543 3060 0
11543 3056 0
11543 3053 0
11543 3050 0
11542 3044 0
11542 3038 0
11541 3031 0
11540 3025 0
11540 3020 0
11539 3016 0
11537 3012 0
11536 3009 0
11536 3005 0
11535 3003 0
11535 3001 0
11534 3000 0
11533 2998 0
11533 2998 0
11533 2997 0
11533 2997 0
11534 2998 0
11534 2998 0
11535 2998 0
11536 3000 0
11536 3001 0
11537 3003 0
11539 3005 0
11541 3007 0
11543 3011 0
11545 3014 0
11547 3017 0
11549 3020 0
11552 3023 0
11554 3027 0
11557 3031 0
11559 3036 0
11561 3040 0
11563 3045 0
11567 3049 0
11570 3054 0
11574 3060 0
11578 3066 0
11581 3072 0
11585 3077 0
11587 3080 0
11591 3088 0
11596 3095 0
11600 3100 0
11601 3104 0
11605 3108 0
11608 3113 0
11611 3118 0
11615 3123 0
11618 3128 0
11622 3134 0
11625 3142 0
11630 3148 0
11634 3154 0
11638 3163 0
11643 3171 0
11648 3179 0
11651 3189 0
11657 3198 0
11662 3207 0
11666 3217 0
11671 3227 0
11676 3236 0
11681 3247 0
11683 3256 0
11686 3267 0
11688 3276 0
11690 3284 0
11693 3293 0
11403 2875 0
11404 2875 0
11405 2875 0
11406 2875 0
11408 2874 0
11413 2874 0
11417 2874 0
11422 2874 0
11427 2874 0
11433 2874 0
11439 2875 0
11445 2877 0
11451 2878 0
11458 2880 0
11465 2883 0
11472 2885 0
11479 2888 0
11485 2891 0
11492 2895 0
11498 2897 0
11504 2901 0
11510 2905 0
11516 2910 0
11521 2915 0
11527 2919 0
11532 2922 0
11537 2925 0
11543 2929 0
11548 2934 0
11553 2937 0
11558 2940 0
11562 2944 0
11567 2947 0
11571 2949 0
11574 2952 0
11579 2955 0
11583 2959 0
11586 2961 0
11590 2964 0
11594 2967 0
11598 2970 0
11600 2973 0
11605 2974 0
11608 2976 0
11611 2978 0
11612 2979 0
11615 2981 0
11617 2981 0
11619 2982 0
11621 2984 0
11623 2985 0
11624 2986 0
11625 2987 0
11628 2988 0
11629 2988 0
11631 2988 0
11632 2988 0
11633 2988 0
11633 2987 0
11633 2986 0
11633 2985 0
11633 2984 0
11633 2982 0
11634 2982 0
11634 2980 0
11634 2979 0
11634 2978 0
11634 2977 0
11634 2976 0
11634 2975 0
11635 2975 0
11636 2975 0
11637 2975 0
11638 2975 0
11638 2975 0
11638 2976 0
11639 2976 0
11641 2977 0
11642 2977 0
11643 2977 0
11644 2977 0
11645 2977 0
11646 2977 0
11647 2977 0
11648 2977 0
11649 2977 0
11650 2977 0
11651 2977 0
11651 2977 0
11654 2977 0
11655 2977 0
11656 2977 0
11657 2977 0
11659 2978 0
11660 2978 0
11661 2978 0
11662 2979 0
11663 2979 0
11663 2979 0
11664 2979 0
11666 2979 0
11667 2980 0
11668 2981 0
11669 2982 0
11670 2982 0
11671 2984 0
11673 2985 0
11674 2986 0
11675 2987 0
11676 2987 0
11677 2988 0
11679 2989 0
11680 2989 0
11681 2989 0
11682 2990 0
11685 2990 0
11686 2990 0
11687 2990 0
11688 2990 0
11688 2989 0
11689 2989 0
11689 2988 0
11689 2987 0
11690 2987 0
11692 2988 0
11692 2989 0
11692 2990 0
11692 2991 0
11690 2991 0
11689 2990 0
11688 2990 0
11686 2990 0
11684 2990 0
11682 2989 0
11680 2989 0
11679 2989 0
11676 2988 0
11676 2987 0
11676 2986 0
11675 2985 0
11675 2984 0
11675 2982 0
11676 2978 0
11676 2978 0
11676 2979 0
11676 2979 0
11676 2979 2
11676 2979 7
11676 2979 17
11676 2979 34
11676 2978 57
11676 2978 85
11676 2978 116
11676 2978 146
11677 2978 173
11677 2978 199
11677 2978 221
11677 2978 244
11677 2978 266
11679 2979 287
11679 2979 309
11679 2979 329
11679 2979 346
11677 2979 365
11677 2979 386
11677 2979 408
11677 2979 431
11676 2979 454
11676 2979 473
11676 2979 490
11676 2979 504
11677 2979 512
11677 2979 521
11677 2979 526
11677 2979 528
11676 2979 529
11675 2979 530
11675 2979 529
11675 2979 527
11675 2979 527
11674 2979 526
11673 2979 528
11671 2980 533
11668 2980 541
11663 2980 555
11660 2981 575
11655 2981 604
11649 2981 644
11643 2981 685
11636 2981 738
11628 2981 806
11620 2982 878
11611 2982 968
11600 2982 1050
11591 2982 1105
11581 2981 1146
11571 2981 1166
11561 2981 1190
11552 2981 1218
11541 2981 1252
11531 2981 1294
11519 2980 1330
11507 2980 1385
11494 2980 1450
11480 2979 1515
11465 2978 1594
11448 2977 1654
11433 2976 1696
11419 2975 1739
11403 2973 1773
11389 2973 1809
11374 2971 1848
11357 2969 1887
11341 2968 1921
11325 2966 1961
11308 2964 2003
11294 2962 2040
11278 2961 2076
11263 2959 2105
11247 2957 2132
11230 2956 2162
11211 2955 2190
11193 2953 2221
11174 2952 2244
11155 2950 2267
11137 2948 2289
11118 2947 2313
11100 2945 2340
11079 2943 2366
11060 2941 2395
11040 2938 2423
11018 2935 2449
10996 2933 2485
10973 2928 2530
10947 2926 2574
10919 2923 2624
10891 2920 2665
10861 2917 2698
10832 2913 2732
10803 2909 2761
10774 2905 2791
10743 2901 2821
10711 2898 2846
10681 2894 2869
10648 2890 2888
10620 2887 2903
10588 2883 2915
10557 2879 2921
10526 2877 2928
10495 2874 2938
10468 2873 2943
10440 2871 2950
10409 2871 2969
10377 2871 2981
10343 2871 2998
10311 2871 3015
10279 2871 3018
10250 2871 3018
10222 2872 3024
10194 2873 3030
10165 2875 3039
10137 2877 3048
10108 2879 3055
10077 2882 3056
10050 2886 3060
10020 2889 3061
9990 2892 3061
9961 2896 3061
9929 2898 3061
9898 2902 3063
9867 2905 3068
9837 2910 3070
9808 2914 3072
9777 2918 3075
9746 2922 3082
9715 2926 3089
9682 2930 3096
9649 2935 3100
9617 2940 3094
9584 2944 3098
9551 2947 3100
9517 2950 3100
9486 2954 3117
9454 2957 3115
9422 2961 3119
9389 2963 3119
9356 2966 3110
9322 2968 3114
9286 2971 3112
9250 2974 3115
9212 2976 3114
9177 2979 3112
9145 2980 3117
9111 2981 3119
9079 2982 3114
9046 2986 3121
9013 2988 3124
8980 2990 3129
8948 2992 3163
8915 2994 3163
8882 2995 3161
8849 2997 3156
8816 2998 3140
8784 2999 3142
8751 3000 3142
8718 3002 3145
8688 3004 3143
8654 3005 3145
8620 3007 3147
8587 3010 3147
8552 3012 3140
8523 3014 3143
8492 3015 3143
8461 3016 3147
8430 3016 3150
8399 3017 3150
8368 3017 3150
8337 3017 3149
8307 3016 3149
8277 3016 3145
8246 3015 3143
8215 3015 3140
8182 3014 3138
8150 3013 3143
8118 3011 3145
8088 3010 3147
8056 3009 3145
8024 3009 3135
7990 3009 3136
7958 3007 3135
7925 3007 3138
7896 3006 3154
7866 3006 3152
7837 3006 3152
7806 3006 3149
7774 3006 3136
7744 3005 3135
7713 3006 3135
7685 3006 3135
7657 3007 3138
7628 3009 3138
7599 3010 3138
7571 3011 3138
7545 3012 3135
7519 3014 3135
7493 3015 3133
7468 3016 3135
7442 3017 3136
7418 3017 3136
7393 3017 3136
7368 3018 3138
7342 3018 3136
7319 3018 3131
7297 3018 3128
7276 3018 3122
7254 3019 3128
7234 3019 3129
7214 3020 3133
7193 3021 3138
7175 3023 3133
7154 3024 3133
7135 3026 3136
7115 3028 3136
7098 3030 3136
7078 3032 3136
7061 3036 3133
7043 3038 3131
7025 3041 3131
7008 3044 3133
6992 3047 3129
6978 3049 3135
6964 3052 3136
6951 3055 3138
6938 3058 3142
6926 3062 3140
6914 3066 3138
6906 3070 3150
6896 3074 3150
6885 3076 3152
6874 3080 3157
6861 3084 3147
6850 3089 3145
6841 3091 3150
6831 3095 3147
6822 3098 3147
6812 3100 3154
6804 3103 3152
6795 3105 3154
6789 3109 3156
6780 3113 3152
6771 3115 3149
6764 3118 3147
6756 3120 3149
6748 3123 3147
6743 3125 3149
6735 3126 3149
6728 3129 3154
6720 3132 3159
6710 3136 3154
6702 3139 3150
6694 3141 3131
6688 3142 3124
6682 3143 3122
6679 3144 3122
6676 3145 3126
6671 3145 3126
6669 3146 3126
6667 3146 3124
6664 3146 3124
6662 3146 3119
6659 3145 3117
6657 3145 3115
6657 3145 3114
6657 3144 3129
6657 3144 3133
6657 3143 3142
6656 3142 3147
6655 3142 3143
6654 3141 3150
6654 3141 3154
6654 3140 3166
6654 3140 3170
6653 3140 3173
6652 3139 3182
6652 3138 3182
6650 3137 3189
6650 3136 3201
6650 3134 3205
6650 3134 3210
6650 3133 3219
6650 3132 3223
6649 3132 3223
6647 3131 3224
6649 3131 3210
6647 3131 3208
6647 3130 3212
6646 3130 3210
6644 3130 3233
6644 3129 3228
6644 3129 3224
6644 3129 3226
6644 3129 3212
6644 3129 3216
6644 3129 3216
6644 3128 3216
6644 3127 3217
6644 3126 3217
6644 3126 3221
6643 3126 3223
6643 3126 3224
6643 3125 3224
6643 3125 3223
6643 3125 3221
6642 3125 3219
6641 3125 3219
6641 3125 3221
6641 3125 3224
6640 3124 3230
6640 3124 3233
6640 3124 3237
6639 3124 3239
6639 3124 3235
6639 3124 3239
6638 3124 3260
6637 3124 3258
6637 3124 3264
6637 3124 3264
6639 3124 3237
6638 3123 3237
6638 3123 3233
6637 3123 3239
6637 3124 3240
6637 3124 3244
6638 3124 3244
6638 3124 3242
6639 3124 3242
6638 3124 3242
6638 3125 3240
6638 3125 3240
6639 3125 3233
6640 3125 3233
6640 3125 3235
6639 3125 3237
6638 3126 3244
6638 3126 3246
6637 3126 3244
6638 3127 3258
6637 3128 3260
6637 3129 3262
6637 3130 3264
6634 3132 3255
6633 3133 3258
6633 3134 3255
6633 3136 3255
6633 3137 3256
6633 3138 3258
6632 3139 3260
6632 3139 3262
6632 3140 3251
6632 3141 3255
6632 3141 3258
6632 3141 3262
6632 3142 3287
6632 3142 3290
6632 3142 3292
6632 3143 3294
6631 3143 3274
6631 3144 3272
6631 3144 3278
6631 3145 3276
6631 3145 3285
6631 3145 3294
6631 3146 3289
6631 3146 3290
6631 3146 3294
6632 3146 3290
6632 3146 3296
6632 3147 3296
6632 3148 3301
6632 3149 3305
6632 3149 3307
6632 3150 3305
6631 3150 3294
6631 3150 3296
6631 3150 3299
6631 3150 3312
6631 3151 3308
6631 3151 3310
6631 3151 3308
6631 3151 3312
6631 3152 3316
6632 3152 3319
6633 3152 3316
6633 3152 3317
6633 3153 3317
6633 3153 3319
6632 3153 3330
6632 3154 3337
6632 3154 3339
6632 3155 3341
6632 3155 3335
6632 3155 3332
6633 3155 3341
6633 3156 3346
6635 3156 3357
6635 3156 3364
6635 3156 3366
6635 3157 3372
6635 3157 3377
6635 3157 3379
6635 3157 3384
6635 3157 3392
6635 3157 3399
6635 3157 3397
6635 3157 3399
6637 3158 3399
6637 3158 3401
6637 3159 3410
6637 3159 3415
6638 3159 3419
6639 3159 3423
6639 3160 3426
6639 3160 3430
6638 3162 3432
6639 3164 3435
6639 3165 3435
6640 3167 3439
6640 3168 3432
6641 3170 3435
6642 3172 3439
6642 3176 3439
6643 3178 3461
6644 3182 3459
6644 3185 3461
6645 3189 3465
6645 3191 3456
6646 3194 3457
6647 3196 3456
6649 3198 3457
6651 3199 3459
6651 3200 3467
6651 3201 3467
6652 3202 3470
6651 3203 3472
6652 3204 3476
6652 3206 3480
6653 3208 3480
6654 3211 3480
6655 3215 3476
6656 3218 3480
6657 3221 3481
6657 3224 3483
6657 3227 3478
6658 3230 3476
6659 3234 3478
6662 3241 3478
6663 3246 3489
6664 3251 3491
6665 3255 3494
6666 3260 3498
6668 3267 3496
6669 3273 3500
6670 3278 3504
6671 3284 3507
6673 3290 3509
6676 3296 3513
6678 3302 3515
6680 3307 3518
6681 3314 3518
6682 3320 3518
6683 3326 3520
6684 3331 3524
6685 3336 3533
6687 3343 3537
6688 3348 3544
6690 3353 3546
6694 3358 3548
6694 3363 3552
6695 3369 3554
6696 3373 3557
6695 3377 3559
6697 3381 3559
6697 3386 3561
6698 3392 3565
6700 3397 3567
6702 3402 3584
6703 3407 3585
6703 3412 3591
6704 3419 3597
6705 3424 3589
6705 3429 3597
6705 3433 3602
6705 3438 3606
6703 3444 3617
6704 3449 3614
6704 3453 3621
6704 3455 3625
6705 3458 3617
6705 3460 3625
6705 3464 3627
6705 3469 3629
6706 3472 3646
6705 3476 3651
6705 3480 3653
6704 3483 3655
6704 3487 3636
6704 3493 3636
6704 3497 3638
6704 3503 3642
6705 3507 3659
6705 3514 3666
6706 3521 3672
6706 3529 3676
6707 3535 3687
6709 3543 3699
6710 3550 3704
6713 3557 3714
6714 3563 3720
6716 3573 3712
6718 3582 3714
6720 3591 3714
6722 3604 3716
6726 3613 3741
6729 3626 3750
6731 3636 3756
6733 3649 3762
6734 3660 3758
6736 3673 3762
6740 3685 3763
6743 3699 3765
6746 3711 3767
6749 3723 3775
6753 3735 3785
6755 3749 3792
6758 3761 3794
6759 3777 3792
6762 3791 3794
6765 3807 3798
6767 3822 3829
6771 3836 3837
6773 3855 3837
6776 3873 3837
6779 3891 3825
6782 3912 3829
6784 3934 3833
6790 3956 3839
6794 3980 3837
6797 4004 3841
6803 4030 3843
6808 4056 3846
6814 4082 3846
6818 4110 3843
6822 4136 3844
6829 4161 3846
6834 4186 3844
6838 4211 3860
6844 4236 3864
6847 4261 3868
6850 4287 3874
6856 4312 3872
6860 4337 3877
6863 4361 3881
6867 4385 3887
6871 4409 3889
6873 4435 3893
6876 4461 3895
6880 4488 3899
6881 4516 3897
6884 4543 3893
6885 4569 3893
6888 4596 3891
6891 4624 3893
6893 4651 3895
6895 4680 3897
6897 4711 3901
6898 4742 3885
6899 4772 3889
6901 4801 3885
6904 4832 3885
6906 4865 3913
6909 4899 3911
6911 4934 3913
6912 4971 3909
6917 5008 3901
6921 5048 3907
6924 5088 3909
6930 5132 3911
6935 5176 3909
6939 5221 3905
6947 5267 3907
6952 5317 3911
6958 5367 3918
6962 5419 3915
6967 5470 3915
6972 5521 3913
6976 5573 3911
6982 5626 3911
6986 5678 3915
6990 5731 3920
6995 5785 3922
6999 5840 3928
7003 5898 3922
7008 5959 3920
7011 6018 3918
7012 6076 3916
7013 6132 3924
7014 6189 3928
7014 6245 3938
7012 6301 3934
7012 6358 3938
7012 6416 3942
7013 6474 3942
7015 6534 3958
7016 6598 3958
7016 6662 3962
7016 6730 3960
7016 6796 3962
7016 6861 3962
7016 6929 3964
7015 6995 3969
7016 7062 3973
7016 7129 3979
7015 7196 3981
7015 7266 3983
7015 7337 3981
7013 7406 3983
7013 7475 3993
7013 7544 4001
7012 7610 4011
7013 7678 4019
7012 7745 4027
7010 7812 4029
7006 7882 4029
7002 7951 4023
6999 8021 4013
6996 8091 4015
6993 8160 4025
6989 8228 4045
6986 8296 4053
6982 8362 4055
6976 8429 4051
6971 8496 4035
6964 8563 4041
6960 8632 4047
6955 8699 4047
6949 8764 4063
6942 8829 4059
6936 8894 4057
6929 8958 4059
6921 9025 4059
6916 9096 4065
6911 9169 4071
6906 9245 4073
6904 9321 4065
6898 9396 4063
6894 9470 4065
6888 9543 4063
6885 9614 4073
6881 9685 4067
6876 9758 4063
6872 9832 4065
6867 9909 4051
6860 9988 4059
6857 10065 4059
6854 10142 4055
6849 10219 4069
6847 10294 4061
6843 10372 4063
6838 10450 4063
6836 10529 4063
6834 10607 4063
6830 10684 4061
6824 10759 4059
6820 10834 4053
6814 10907 4051
6808 10982 4047
6803 11058 4047
6797 11133 4049
6793 11210 4071
6786 11286 4075
6780 11363 4081
6771 11440 4089
6761 11516 4085
6755 11592 4085
6748 11670 4081
6742 11748 4077
6732 11828 4085
6724 11910 4089
6718 11990 4091
6709 12070 4095
6709 12148 4081
6702 12224 4089
6694 12302 4093
6687 12377 4089
6681 12454 4095
6673 12529 4095
6667 12601 4095
6659 12673 4093
6653 12742 4087
6645 12809 4087
6638 12877 4087
6630 12944 4089
6621 13009 4069
6614 13077 4063
6606 13144 4059
6597 13210 4059
6592 13271 4059
6583 13334 4063
6577 13394 4069
6569 13452 4069
6563 13511 4075
6555 13569 4079
6549 13627 4071
6542 13686 4067
6533 13744 4071
6527 13800 4075
6519 13856 4081
6513 13913 4083
6505 13968 4081
6498 14023 4079
6494 14076 4079
6489 14129 4081
6484 14181 4083
6478 14235 4095
6473 14289 4095
6468 14344 4095
6463 14398 4095
6458 14449 4095
6454 14501 4095
6450 14552 4095
6446 14602 4095
6444 14650 4095
6439 14697 4095
6435 14743 4095
6432 14788 4095
6428 14834 4077
6426 14880 4077
6424 14928 4077
6421 14974 4077
6420 15022 4095
6418 15066 4095
6415 15111 4095
6415 15154 4095
6414 15195 4089
6414 15237 4095
6413 15276 4089
6412 15316 4089
6409 15355 4087
6408 15392 4075
6407 15428 4079
6406 15463 4077
6405 15498 4087
6406 15532 4087
6406 15569 4087
6406 15605 4087
6407 15641 4085
6407 15675 4083
6407 15709 4083
6408 15741 4087
6408 15772 4083
6409 15804 4087
6409 15834 4087
6409 15863 4087
6411 15891 4089
6405 15917 4095
6406 15942 4095
6406 15967 4095
6406 15990 4095
6413 16015 4073
6414 16038 4079
6414 16060 4077
6414 16082 4081
6414 16102 4095
6414 16121 4095
6415 16140 4095
6415 16160 4095
6415 16182 4095
6416 16202 4095
6418 16221 4095
6419 16240 4095
6420 16259 4083
6421 16277 4085
6421 16294 4087
6422 16310 4091
6422 16325 4093
6422 16338 4095
6424 16353 4095
6424 16365 4095
6422 16379 4095
6422 16391 4089
6424 16401 4085
6424 16412 4089
6425 16421 4087
6426 16431 4095
6425 16441 4095
6425 16448 4095
6425 16457 4095
6424 16464 4089
6424 16471 4089
6424 16481 4093
6424 16489 4087
6425 16496 4087
6424 16504 4091
6424 16513 4089
6422 16520 4093
6426 16527 4095
6426 16534 4095
6425 16540 4095
6425 16546 4095
6422 16553 4095
6421 16560 4095
6420 16567 4095
6419 16575 4095
6415 16585 4095
6415 16596 4095
6414 16607 4095
6413 16620 4095
6413 16633 4095
6412 16645 4095
6409 16658 4095
6409 16670 4095
6407 16684 4095
6405 16698 4095
6405 16711 4095
6403 16723 4095
6403 16734 4095
6402 16743 4095
6401 16752 4095
6400 16763 4095
6397 16773 4093
6396 16783 4091
6396 16793 4093
6394 16802 4095
6393 16814 4091
6390 16825 4095
6389 16838 4095
6387 16850 4095
6384 16862 4095
6386 16875 4095
6384 16886 4095
6381 16897 4095
6377 16909 4095
6374 16921 4095
6371 16934 4095
6368 16946 4095
6365 16958 4095
6362 16970 4081
6358 16983 4075
6356 16997 4077
6352 17011 4079
6349 17024 4095
6346 17037 4095
6343 17050 4095
6339 17063 4093
6337 17077 4075
6333 17091 4069
6330 17105 4061
6327 17119 4057
6326 17133 4073
6322 17146 4075
6318 17158 4081
6314 17168 4087
6311 17178 4085
6308 17188 4091
6305 17198 4089
6301 17208 4085
6295 17220 4087
6292 17232 4087
6287 17244 4087
6282 17255 4087
6278 17267 4083
6273 17280 4075
6269 17292 4075
6265 17305 4073
6261 17318 4075
6256 17331 4071
6252 17344 4071
6248 17357 4073
6244 17370 4073
6242 17383 4073
6238 17396 4075
6234 17409 4075
6231 17422 4071
6225 17434 4077
6222 17446 4077
6218 17458 4075
6215 17470 4075
6212 17481 4083
6210 17492 4083
6208 17501 4085
6204 17509 4081
6202 17515 4083
6200 17520 4081
6198 17525 4079
6196 17528 4081
6192 17531 4065
6190 17534 4063
6187 17537 4063
6186 17539 4059
6186 17541 4065
6185 17543 4063
6184 17546 4065
6183 17548 4067
6181 17550 4063
6180 17552 4069
6179 17553 4067
6178 17555 4067
6176 17557 4067
6176 17558 4069
6174 17560 4071
6174 17562 4071
6173 17564 4075
6172 17566 4077
6171 17568 4077
6170 17570 4079
6168 17573 4079
6166 17575 4079
6165 17578 4079
6162 17581 4081
6161 17585 4077
6162 17588 4075
6161 17591 4073
6160 17594 4069
6158 17597 4069
6155 17600 4051
6154 17604 4051
6152 17608 4055
6151 17612 4057
6149 17614 4077
6147 17619 4077
6145 17623 4073
6142 17627 4071
6140 17632 4065
6138 17636 4067
6136 17641 4069
6134 17646 4069
6130 17650 4071
6129 17655 4073
6127 17659 4075
6125 17664 4075
6123 17668 4071
6121 17672 4067
6119 17676 4067
6117 17680 4067
6114 17684 4073
6111 17689 4073
6109 17693 4069
6107 17696 4067
6104 17700 4065
6103 17704 4065
6101 17707 4067
6098 17711 4067
6097 17715 4067
6097 17718 4059
6095 17722 4059
6094 17726 4061
6091 17729 4059
6087 17732 4069
6084 17736 4069
6082 17739 4069
6079 17743 4069
6075 17746 4063
6073 17750 4063
6071 17753 4065
6068 17757 4065
6068 17760 4075
6065 17763 4075
6062 17765 4073
6060 17768 4073
6057 17772 4065
6054 17776 4067
6052 17781 4067
6050 17786 4069
6047 17790 4071
6044 17795 4067
6041 17800 4071
6038 17805 4071
6034 17810 4077
6032 17816 4085
6028 17823 4087
6026 17829 4089
6025 17835 4087
6021 17841 4087
6019 17845 4091
6017 17850 4093
6014 17855 4089
6012 17861 4089
6009 17866 4085
6007 17872 4081
6005 17876 4087
6003 17881 4083
6001 17884 4083
5998 17888 4087
5996 17892 4085
5996 17895 4085
5994 17898 4087
5992 17901 4089
5990 17903 4087
5986 17905 4081
5984 17907 4077
5983 17909 4073
5982 17910 4073
5980 17912 4095
5977 17913 4095
5977 17914 4095
5976 17916 4095
5975 17917 4095
5974 17918 4095
5973 17918 4095
5971 17918 4095
5971 17920 4087
5970 17920 4083
5969 17920 4083
5968 17920 4083
5969 17920 4085
5968 17920 4085
5968 17920 4083
5967 17920 4077
5965 17920 4067
5964 17920 4067
5964 17920 4071
5963 17920 4071
5964 17920 4095
5963 17920 4095
5962 17920 4095
5961 17920 4089
5958 17920 4089
5957 17918 4085
5955 17918 4083
5952 17918 4085
5950 17918 4087
5948 17918 4087
5946 17918 4085
5946 17918 4077
5944 17918 4075
5942 17917 4077
5939 17917 4079
5935 17917 4085
5933 17916 4087
5930 17916 4087
5927 17915 4087
5926 17915 4085
5923 17915 4085
5920 17914 4085
5918 17914 4087
5916 17914 4075
5912 17914 4075
5908 17914 4075
5905 17914 4075
5901 17914 4087
5899 17914 4089
5895 17914 4091
5893 17914 4095
5892 17914 4093
5889 17914 4095
5887 17914 4095
5884 17913 4093
5878 17914 4091
5876 17914 4083
5873 17914 4083
5871 17914 4083
5869 17913 4079
5863 17914 4071
5859 17914 4075
5852 17914 4077
5847 17914 4081
5843 17914 4095
5838 17914 4095
5833 17914 4093
5828 17914 4091
5823 17914 4091
5816 17913 4087
5809 17913 4089
5803 17913 4087
5792 17914 4089
5785 17914 4095
5777 17914 4095
5768 17913 4095
5765 17913 4095
5757 17912 4095
5749 17911 4095
5742 17911 4095
5735 17910 4095
5728 17909 4095
5719 17908 4095
5711 17907 4095
5702 17907 4087
5692 17906 4085
5684 17905 4087
5676 17904 4091
5668 17904 4095
5660 17903 4095
5652 17901 4095
5644 17899 4095
5635 17898 4089
5626 17896 4095
5617 17895 4095
5608 17893 4095
5599 17892 4095
5590 17891 4095
5583 17890 4095
5576 17889 4095
5569 17887 4095
5563 17886 4095
5554 17885 4095
5546 17884 4095
5538 17883 4095
5530 17882 4095
5522 17880 4095
5513 17879 4095
5504 17877 4095
5494 17876 4095
5484 17875 4095
5475 17873 4095
5466 17872 4095
5456 17871 4095
5447 17870 4095
5436 17868 4095
5424 17868 4095
5412 17868 4095
5402 17867 4095
5393 17867 4095
5383 17866 4095
5374 17865 4095
5365 17865 4095
5355 17864 4095
5345 17863 4095
5335 17862 4095
5323 17861 4095
5313 17861 4095
5301 17860 4095
5290 17860 4095
5279 17860 4095
5270 17859 4095
5259 17859 4095
5247 17858 4095
5235 17856 4095
5222 17855 4095
5211 17853 4095
5197 17852 4095
5184 17851 4095
5171 17850 4095
5158 17848 4095
5148 17846 4095
5137 17845 4095
5124 17843 4095
5112 17842 4095
5100 17841 4095
5088 17839 4095
5076 17837 4095
5065 17835 4095
5053 17833 4095
5040 17832 4095
5027 17830 4095
5014 17828 4095
5001 17826 4095
4990 17824 4095
4978 17823 4095
4967 17822 4095
4955 17820 4095
4943 17818 4095
4930 17818 4095
4920 17816 4095
4910 17815 4095
4901 17814 4095
4892 17813 4095
4883 17812 4095
4872 17812 4095
4860 17812 4095
4850 17812 4095
4841 17812 4095
4833 17811 4095
4826 17811 4095
4818 17811 4095
4809 17810 4095
4801 17811 4095
4794 17811 4095
4784 17811 4095
4776 17811 4095
4767 17811 4095
4757 17811 4095
4748 17811 4095
4739 17811 4095
4729 17811 4095
4720 17811 4095
4710 17810 4095
4701 17810 4095
4692 17810 4095
4682 17810 4095
4675 17810 4095
4666 17810 4095
4657 17809 4095
4647 17810 4095
4639 17810 4095
4631 17810 4095
4622 17811 4095
4612 17811 4095
4603 17811 4095
4593 17811 4095
4586 17811 4095
4578 17811 4095
4573 17811 4095
4565 17812 4095
4558 17812 4095
4551 17812 4095
4544 17812 4095
4536 17812 4095
4530 17813 4095
4522 17814 4095
4512 17814 4095
4504 17815 4095
4496 17815 4095
4489 17815 4095
4482 17815 4095
4474 17816 4095
4466 17816 4095
4460 17816 4095
4457 17817 4095
4452 17817 4095
4445 17818 4095
4438 17818 4095
4428 17818 4095
4422 17820 4095
4416 17821 4095
4409 17821 4095
4402 17821 4095
4395 17822 4095
4387 17822 4095
4379 17823 4095
4371 17823 4095
4361 17824 4095
4352 17824 4095
4345 17825 4095
4335 17826 4095
4324 17827 4095
4313 17829 4095
4301 17830 4095
4289 17831 4095
4279 17832 4095
4268 17833 4095
4257 17834 4095
4247 17835 4095
4232 17835 4095
4221 17836 4095
4210 17837 4095
4198 17838 4095
4190 17839 4095
4178 17840 4095
4168 17840 4095
4157 17841 4095
4145 17842 4095
4131 17842 4095
4117 17843 4095
4106 17843 4095
4093 17843 4095
4082 17845 4095
4070 17846 4095
4057 17847 4095
4045 17848 4095
4033 17848 4095
4024 17848 4095
4014 17849 4095
4004 17849 4095
3994 17849 4095
3982 17849 4095
3970 17849 4095
3960 17850 4095
3948 17850 4095
3936 17850 4095
3925 17850 4095
3913 17851 4095
3905 17851 4095
3894 17852 4095
3885 17853 4095
3875 17853 4095
3867 17853 4095
3858 17854 4095
3849 17855 4095
3840 17856 4095
3834 17856 4095
3823 17857 4095
3814 17858 4095
3804 17858 4095
3797 17858 4095
3789 17858 4095
3780 17858 4095
3772 17858 4095
3761 17858 4095
3752 17858 4095
3742 17858 4095
3734 17858 4095
3725 17857 4095
3717 17857 4095
3709 17857 4095
3701 17857 4095
3694 17857 4095
3684 17857 4095
3677 17857 4095
3670 17856 4095
3664 17856 4095
3657 17855 4095
3651 17855 4095
3644 17854 4095
3636 17854 4095
3630 17854 4095
3625 17853 4095
3620 17853 4095
3614 17853 4095
3609 17853 4095
3606 17853 4095
3601 17853 4095
3598 17853 4095
3595 17853 4095
3592 17853 4095
3589 17852 4095
3587 17852 4095
3586 17852 4095
3583 17852 4095
3582 17852 4095
3582 17852 4095
3580 17852 4095
3579 17852 4095
3577 17852 4095
3576 17852 4095
3576 17852 4095
3575 17852 4095
3576 17852 4095
3575 17852 4095
3576 17852 4095
3575 17852 4095
3576 17852 4095
3575 17852 4095
3574 17852 4095
3573 17852 4095
3573 17852 4095
3570 17852 4095
3569 17852 4095
3569 17852 4095
3568 17852 4095
3567 17851 4095
3567 17852 4095
3566 17852 4095
3564 17852 4095
3563 17852 4095
3563 17852 4095
3563 17851 4095
3564 17852 4095
3563 17852 4095
3563 17852 4095
3563 17851 4095
3563 17852 4095
3563 17852 4095
3563 17852 4095
3562 17852 4095
3561 17852 4095
3560 17852 4095
3558 17852 4095
3557 17852 4095
3557 17852 4095
3556 17852 4095
3555 17852 4095
3554 17852 4095
3556 17852 4095
3556 17853 4095
3554 17853 4095
3552 17853 4095
3551 17853 4095
3554 17853 4095
3552 17853 4095
3551 17853 4095
3552 17853 4095
3551 17853 4095
3550 17853 4095
3550 17853 4095
3549 17853 4095
3549 17854 4095
3548 17854 4095
3547 17854 4095
3545 17854 4095
3544 17854 4095
3543 17855 4095
3542 17855 4095
3538 17855 4095
3537 17855 4095
3536 17855 4095
3534 17856 4095
3531 17856 4095
3531 17856 4095
3529 17856 4095
3526 17856 4095
3525 17856 4095
3523 17856 4095
3520 17856 4095
3519 17856 4095
3517 17856 4095
3516 17856 4095
3515 17856 4095
3513 17856 4095
3511 17857 4095
3507 17857 4095
3505 17857 4095
3503 17857 4095
3501 17857 4095
3500 17857 4095
3499 17857 4095
3497 17857 4095
3494 17858 4095
3493 17858 4095
3491 17858 4095
3487 17858 4095
3487 17858 4095
3484 17858 4095
3481 17859 4095
3480 17859 4095
3479 17859 4095
3478 17859 4095
3477 17859 4095
3474 17860 4095
3473 17860 4095
3474 17860 4095
3471 17860 4095
3468 17861 4095
3466 17861 4095
3462 17862 4095
3460 17863 4095
3458 17863 4095
3455 17864 4095
3452 17865 4095
3449 17865 4095
3448 17865 4095
3446 17865 4095
3444 17865 4095
3442 17865 4095
3441 17865 4095
3439 17866 4095
3435 17866 4095
3433 17866 4095
3430 17867 4095
3428 17867 4095
3423 17867 4095
3422 17868 4095
3420 17868 4095
3417 17868 4095
3415 17868 4095
3411 17868 4095
3408 17868 4095
3404 17868 4095
3403 17868 4095
3402 17870 4095
3399 17870 4095
3397 17871 4095
3395 17871 4095
3392 17871 4095
3391 17871 4095
3389 17871 4095
3388 17871 4095
3383 17871 4095
3380 17872 4095
3379 17872 4095
3377 17872 4095
3379 17872 4095
3377 17872 4095
3374 17873 4095
3373 17873 4095
3372 17874 4095
3371 17874 4095
3370 17875 4095
3369 17875 4095
3367 17875 4095
3366 17875 4095
3366 17875 4095
3365 17875 4095
3364 17875 4095
3363 17875 4095
3361 17875 4095
3363 17876 4095
3361 17876 4095
3360 17876 4095
3360 17875 4095
3359 17875 4095
3360 17875 4095
3360 17875 4095
3359 17875 4095
3359 17874 4095
3360 17874 4095
3360 17873 4095
3360 17873 4017
3360 17873 3915
3360 17874 3808
3360 17873 3700
3360 17873 3570
3361 17873 3415
3363 17872 3251
3364 17872 3063
3364 17871 2851
3364 17871 2590
3364 17871 2168
3365 17871 1570
3366 17868 862
3372 17867 153
3372 17867 0
3372 17867 0
3380 17872 0
3383 17873 0
3392 17875 0
3399 17875 0
3404 17875 0
3422 17873 0
3429 17872 0
3442 17867 0
3449 17864 0
3461 17859 0
3474 17854 0
3487 17848 0
3501 17842 0
3516 17839 0
3538 17835 0
3562 17831 0
3586 17826 0
3609 17821 0
3632 17816 0
3653 17810 0
925 558 0
