eink
1
0,0
11752 3253 0
11752 3252 0
11752 3252 0
11752 3251 0
11751 3247 0
11751 3242 0
11751 3235 0
11750 3228 0
11750 3220 0
11750 3198 0
11752 3180 0
11755 3166 0
11757 3159 0
11761 3150 0
11765 3142 0
11770 3131 0
11776 3121 0
11782 3109 0
11788 3099 0
11794 3088 0
11798 3076 0
11802 3065 0
11806 3052 0
11809 3041 0
11812 3027 0
11814 3015 0
11816 3000 0
11819 2988 0
11823 2974 0
11826 2962 0
11829 2948 0
11833 2936 0
11839 2923 0
11845 2912 0
11850 2900 0
11854 2890 0
11860 2879 0
11864 2871 0
11871 2852 0
11876 2840 0
11876 2830 0
11878 2822 0
11879 2816 0
11882 2810 0
11884 2803 0
11886 2791 0
11889 2784 0
11890 2777 0
11893 2770 0
11897 2763 0
11901 2753 0
11911 2711 0
11911 2710 0
11910 2708 0
11910 2708 0
11911 2702 315
11910 2693 342
11908 2684 375
11908 2676 409
11907 2671 461
11907 2668 542
11908 2667 648
11909 2664 764
11909 2663 892
11909 2662 1006
11909 2662 1120
11912 2661 1220
11912 2661 1326
11912 2661 1450
11912 2661 1577
11910 2661 1712
11910 2661 1829
11910 2661 1926
11910 2661 2015
11911 2661 2097
11910 2662 2161
11910 2662 2218
11910 2662 2262
11910 2663 2298
11909 2663 2342
11909 2663 2378
11909 2663 2416
11907 2663 2449
11904 2663 2469
11904 2664 2494
11904 2664 2516
11904 2664 2542
11909 2665 2571
11909 2665 2593
11904 2664 2620
11903 2663 2622
11902 2662 2648
11903 2662 2657
11908 2664 2667
11908 2665 2698
11905 2663 2735
11904 2664 2771
11904 2665 2839
11907 2666 2884
11905 2668 2872
11905 2668 2894
11905 2668 2893
11904 2667 2926
11905 2668 3003
11904 2668 3063
11904 2668 3108
11904 2669 3129
11913 2668 3121
11913 2668 3135
11913 2668 3142
11912 2668 3156
11904 2670 3189
11903 2671 3194
11903 2674 3191
11904 2679 3239
11907 2685 3246
11907 2692 3265
11904 2699 3305
11900 2708 3298
11892 2717 3346
11887 2725 3363
11884 2736 3373
11880 2747 3382
11879 2760 3381
11875 2772 3392
11867 2787 3410
11864 2797 3415
11859 2812 3417
11854 2825 3426
11852 2843 3424
11846 2862 3437
11840 2879 3450
11834 2898 3461
11827 2917 3478
11820 2935 3492
11812 2955 3511
11803 2977 3526
11791 3000 3542
11781 3025 3556
11768 3050 3570
11753 3076 3585
11739 3102 3593
11725 3127 3608
11710 3154 3621
11696 3182 3634
11681 3210 3651
11666 3240 3668
11650 3270 3683
11633 3301 3699
11617 3331 3718
11600 3365 3729
11583 3396 3741
11566 3427 3748
11549 3457 3756
11533 3486 3763
11517 3514 3763
11499 3544 3765
11484 3574 3767
11469 3604 3765
11452 3634 3769
11435 3665 3775
11416 3697 3787
11395 3729 3794
11376 3760 3812
11357 3792 3829
11337 3827 3835
11317 3861 3850
11295 3895 3858
11275 3933 3866
11253 3972 3877
11230 4014 3885
11206 4057 3891
11182 4098 3893
11159 4138 3893
11134 4174 3905
11108 4214 3909
11082 4255 3915
11057 4295 3926
11034 4335 3928
11011 4374 3946
10987 4415 3964
10963 4457 3977
10939 4498 3997
10914 4541 4005
10889 4585 4007
10863 4628 4011
10836 4676 4005
10810 4722 4007
10783 4767 4011
10758 4810 4011
10732 4854 4017
10706 4899 4019
10679 4945 4025
10652 4992 4035
10623 5041 4065
10596 5090 4073
10567 5141 4081
10537 5192 4085
10506 5246 4065
10472 5300 4069
10438 5356 4073
10402 5412 4079
10366 5470 4087
10329 5529 4093
10291 5588 4095
10253 5646 4095
10213 5705 4095
10175 5762 4095
10137 5820 4095
10098 5882 4095
10059 5945 4095
10020 6008 4095
9982 6072 4095
9943 6135 4095
9907 6197 4095
9865 6261 4095
9823 6326 4095
9781 6392 4095
9737 6459 4095
9695 6532 4095
9653 6606 4095
9607 6681 4095
9563 6758 4095
9516 6832 4095
9469 6906 4095
9421 6981 4095
9372 7055 4095
9323 7133 4095
9271 7213 4095
9218 7293 4095
9164 7377 4095
9111 7457 4095
9057 7537 4095
9003 7616 4095
8950 7694 4095
8895 7775 4095
8841 7860 4095
8786 7946 4095
8730 8033 4095
8675 8118 4095
8616 8205 4095
8557 8291 4095
8497 8378 4095
8436 8467 4095
8379 8556 4095
8319 8646 4095
8260 8735 4095
8199 8821 4095
8140 8906 4095
8083 8989 4095
8028 9074 4095
7972 9161 4095
7916 9247 4095
7862 9336 4095
7805 9421 4095
7749 9508 4095
7696 9595 4095
7642 9682 4095
7589 9771 4095
7539 9861 4095
7484 9952 4095
7431 10043 4095
7379 10133 4095
7325 10222 4095
7272 10312 4095
7219 10401 4095
7168 10490 4095
7119 10579 4095
7070 10665 4095
7022 10750 4095
6974 10832 4095
6926 10914 4095
6881 10998 4095
6834 11081 4095
6790 11165 4095
6744 11250 4095
6696 11333 4095
6649 11420 4095
6599 11506 4095
6552 11595 4095
6503 11685 4095
6454 11776 4095
6407 11869 4095
6360 11962 4095
6311 12054 4095
6263 12146 4095
6214 12239 4095
6165 12333 4095
6116 12427 4095
6069 12522 4095
6021 12615 4095
5973 12706 4095
5925 12797 4095
5878 12887 4095
5833 12978 4095
5787 13067 4095
5742 13158 4095
5700 13246 4095
5656 13333 4095
5612 13419 4095
5569 13506 4095
5525 13593 4095
5482 13681 4095
5438 13769 4095
5393 13856 4095
5349 13943 4095
5306 14028 4095
5262 14113 4095
5220 14197 4095
5179 14280 4095
5138 14364 4095
5098 14449 4095
5057 14530 4095
5020 14609 4095
4982 14686 4095
4946 14761 4095
4911 14834 4095
4879 14904 4095
4847 14974 4095
4818 15041 4095
4789 15107 4095
4762 15170 4095
4735 15233 4095
4708 15294 4095
4680 15353 4095
4654 15411 4095
4631 15466 4095
4609 15521 4095
4591 15575 4095
4570 15630 4095
4549 15684 4095
4528 15738 4095
4507 15791 4095
4487 15841 4095
4468 15891 4095
4449 15940 4095
4431 15986 4095
4413 16032 4095
4395 16078 4095
4378 16123 4095
4361 16167 4095
4343 16211 4095
4326 16256 4095
4310 16299 4095
4294 16340 4095
4277 16382 4095
4261 16423 4095
4244 16463 4095
4231 16502 4095
4217 16542 4095
4203 16581 4095
4187 16621 4095
4170 16660 4095
4154 16697 4095
4138 16735 4095
4122 16774 4095
4107 16814 4095
4090 16854 4095
4072 16893 4095
4056 16929 4095
4038 16967 4095
4019 17004 4095
4002 17040 4095
3987 17077 4095
3970 17113 4095
3958 17148 4095
3943 17182 4095
3926 17214 4095
3911 17247 4095
3893 17279 4095
3878 17310 4095
3863 17341 4095
3849 17370 4095
3830 17398 4095
3817 17426 4095
3802 17455 4095
3787 17483 4095
3774 17510 4095
3760 17536 4095
3747 17559 4095
3735 17582 4095
3723 17603 4095
3710 17623 4095
3698 17643 4095
3687 17661 4095
3677 17678 4095
3668 17693 4095
3658 17707 4095
3649 17719 4095
3639 17732 4095
3633 17743 4095
3626 17752 4095
3623 17760 4095
3620 17766 4095
3618 17771 4095
3615 17774 4095
3614 17777 4095
3612 17780 4095
3609 17783 4095
3608 17785 4095
3607 17787 4095
3607 17790 4095
3606 17791 4095
3605 17793 4095
3604 17796 4095
3604 17797 4095
3601 17799 4095
3601 17799 4095
3601 17799 4095
3602 17799 4095
3605 17799 4095
3605 17798 4095
3605 17797 4095
3604 17797 4095
3604 17795 4095
3604 17793 4095
3604 17791 3991
3604 17790 3823
3604 17789 3621
3604 17786 3348
3602 17781 3020
3601 17772 2590
3601 17759 1966
3601 17741 1043
3601 17719 215
3601 17719 0
3601 17719 0
3593 17702 0
3590 17697 0
3582 17676 0
3576 17659 0
3569 17637 0
3558 17612 0
3551 17597 0
3544 17571 0
3538 17553 0
3532 17531 0
3525 17505 0
3523 17479 0
3519 17449 0
3512 17417 0
3507 17385 0
3500 17356 0
3494 17327 0
3487 17301 0
1514 326 0
