eink
1
0,0
11057 3115 0
11055 3115 0
11055 3115 0
11055 3114 0
11055 3113 0
11055 3111 0
11055 3105 0
11055 3100 0
11055 3095 0
11055 3089 0
11055 3081 0
11055 3074 0
11057 3067 0
11058 3058 0
11059 3048 0
11062 3035 0
11066 3022 0
11071 3010 0
11077 2998 0
11083 2988 0
11091 2978 0
11099 2971 0
11105 2964 0
11114 2957 0
11122 2951 0
11130 2946 0
11138 2941 0
11147 2936 0
11155 2931 0
11164 2926 0
11173 2922 0
11181 2918 0
11190 2914 0
11198 2910 0
11206 2905 0
11214 2901 0
11220 2897 0
11228 2894 0
11234 2891 0
11241 2887 0
11247 2884 0
11253 2880 0
11257 2877 0
11264 2874 0
11269 2871 0
11274 2870 0
11279 2868 0
11283 2866 0
11290 2865 0
11295 2863 0
11306 2862 0
11315 2862 0
11324 2864 0
11332 2866 0
11340 2869 0
11347 2872 0
11355 2876 0
11363 2880 0
11370 2885 0
11377 2890 0
11383 2894 0
11394 2901 0
11397 2905 0
11401 2911 0
11404 2915 0
11406 2919 0
11408 2922 0
11409 2927 0
11410 2930 0
11418 2939 0
11418 2939 0
11418 2939 0
11418 2939 0
11417 2940 1
11417 2939 1
11418 2938 5
11418 2938 10
11418 2938 16
11417 2938 19
11417 2939 19
11417 2938 19
11417 2939 19
11417 2939 19
11417 2939 20
11417 2940 17
11416 2940 13
11416 2940 11
11416 2940 9
11416 2940 10
11417 2940 11
11417 2940 12
11416 2940 13
11415 2940 17
11415 2940 22
11414 2940 27
11413 2941 32
11413 2941 36
11412 2943 40
11410 2945 45
11409 2947 52
11408 2949 59
11406 2952 65
11403 2955 70
11401 2959 73
11400 2962 78
11397 2966 87
11393 2970 100
11390 2973 114
11385 2977 129
11382 2981 142
11380 2986 158
11376 2989 175
11371 2992 192
11368 2995 208
11365 2997 223
11363 2998 233
11359 2999 242
11358 3001 249
11357 3001 252
11355 3002 260
11353 3002 267
11351 3002 278
11347 3002 293
11346 3002 307
11342 3002 322
11339 3002 337
11334 3003 346
11330 3004 355
11325 3005 361
11319 3005 366
11313 3005 371
11307 3006 380
11300 3006 385
11293 3006 388
11286 3007 390
11279 3006 395
11270 3007 407
11260 3009 419
11247 3011 430
11232 3014 435
11219 3018 440
11205 3021 446
11191 3023 454
11180 3025 460
11168 3026 465
11159 3028 470
11148 3030 476
11137 3032 482
11127 3035 482
11117 3037 482
11109 3040 482
11099 3042 481
11089 3045 484
11078 3048 488
11067 3050 495
11059 3053 502
11048 3056 508
11037 3060 514
11026 3062 519
11013 3064 526
11001 3067 533
10988 3069 539
10977 3072 543
10965 3074 547
10955 3076 552
10944 3076 553
10933 3078 556
10921 3079 558
10909 3081 559
10897 3083 560
10885 3084 567
10872 3087 573
10859 3088 576
10846 3089 585
10833 3089 588
10821 3090 595
10808 3090 603
10795 3091 606
10783 3092 612
10770 3092 615
10758 3093 623
10745 3093 630
10731 3093 636
10717 3093 640
10704 3093 642
10691 3093 644
10680 3094 644
10668 3095 647
10654 3095 650
10641 3096 655
10627 3096 660
10612 3096 662
10599 3096 665
10583 3096 668
10566 3095 675
10548 3095 680
10530 3094 689
10512 3095 694
10495 3095 699
10478 3095 704
10463 3095 703
10445 3093 705
10430 3092 704
10414 3091 704
10396 3090 704
10379 3089 706
10361 3089 707
10342 3088 709
10323 3088 712
10305 3088 714
10286 3087 715
10266 3086 719
10245 3084 720
10224 3082 723
10203 3082 722
10184 3081 724
10163 3081 723
10143 3079 724
10123 3077 725
10102 3075 726
10082 3074 728
10062 3073 726
10042 3072 727
10023 3072 724
10005 3071 724
9985 3071 724
9965 3069 725
9945 3068 727
9922 3066 728
9899 3064 729
9878 3062 729
9856 3060 730
9834 3057 730
9814 3054 730
9793 3052 731
9774 3049 731
9754 3048 730
9734 3046 724
9715 3045 723
9695 3044 721
9676 3043 719
9656 3042 721
9635 3041 721
9614 3040 723
9594 3039 725
9572 3038 732
9551 3037 731
9530 3036 730
9510 3035 729
9490 3033 727
9470 3032 729
9448 3031 727
9427 3030 728
9405 3027 728
9382 3026 727
9361 3024 728
9340 3023 725
9319 3022 727
9298 3020 730
9275 3019 729
9251 3017 729
9228 3015 727
9205 3014 729
9184 3011 732
9162 3007 735
9140 3004 737
9117 3000 734
9095 2998 734
9073 2994 734
9051 2990 735
9031 2985 736
9008 2980 739
8984 2976 742
8961 2973 746
8938 2969 752
8914 2965 753
8891 2961 753
8869 2955 754
8845 2951 755
8823 2947 759
8801 2944 765
8778 2940 768
8756 2937 766
8735 2934 768
8715 2931 768
8696 2928 770
8676 2926 767
8656 2924 766
8637 2923 765
8618 2923 765
8598 2924 770
8580 2924 771
8561 2925 771
8542 2926 771
8524 2927 772
8506 2929 771
8489 2931 771
8471 2934 771
8454 2935 771
8434 2936 771
8415 2937 770
8396 2938 768
8375 2940 766
8356 2941 763
8336 2943 761
8317 2944 759
8299 2945 758
8280 2947 759
8259 2947 757
8238 2949 756
8216 2951 753
8194 2953 751
8171 2954 749
8150 2956 752
8128 2957 753
8106 2959 753
8086 2960 754
8065 2961 753
8043 2962 751
8023 2963 748
8001 2965 747
7978 2966 747
7958 2967 747
7938 2969 748
7916 2970 748
7896 2971 747
7876 2972 747
7854 2973 746
7835 2973 745
7815 2974 743
7798 2975 741
7778 2976 742
7760 2977 741
7742 2978 742
7723 2979 741
7706 2980 738
7689 2981 734
7673 2982 733
7659 2984 730
7642 2985 732
7625 2986 734
7609 2987 733
7594 2988 734
7577 2988 734
7560 2989 735
7545 2989 734
7530 2989 734
7515 2989 734
7498 2989 734
7483 2990 734
7469 2990 735
7454 2989 735
7440 2989 736
7425 2988 740
7408 2988 740
7394 2987 740
7380 2987 737
7367 2987 735
7352 2987 735
7337 2987 733
7322 2987 730
7308 2988 730
7297 2988 730
7287 2989 732
7275 2989 735
7265 2990 732
7256 2990 729
7249 2991 724
7241 2992 721
7235 2993 717
7227 2995 716
7219 2997 713
7213 2998 720
7206 2999 720
7201 3000 720
7196 3002 722
7190 3004 712
7184 3006 712
7177 3007 714
7172 3009 714
7165 3011 719
7159 3012 720
7152 3014 720
7147 3016 720
7142 3017 718
7139 3018 716
7136 3020 714
7132 3021 712
7127 3023 712
7122 3023 709
7116 3025 708
7112 3026 709
7108 3028 707
7103 3029 705
7100 3031 703
7097 3032 696
7095 3035 691
7092 3037 690
7089 3038 688
7087 3040 688
7084 3043 688
7081 3045 690
7077 3047 690
7076 3049 692
7073 3052 696
7071 3055 703
7070 3058 705
7068 3062 705
7066 3065 702
7064 3067 695
7063 3070 691
7063 3072 689
7062 3074 687
7062 3077 685
7061 3080 687
7060 3082 692
7059 3087 691
7058 3089 692
7058 3092 693
7057 3096 690
7056 3098 698
7053 3102 703
7052 3107 709
7051 3114 713
7050 3121 714
7050 3127 714
7049 3133 710
7049 3141 711
7048 3148 712
7048 3155 715
7047 3165 718
7046 3175 719
7044 3184 721
7043 3195 721
7040 3205 727
7039 3217 731
7038 3228 732
7037 3241 733
7038 3253 734
7037 3268 732
7035 3280 733
7033 3296 735
7028 3310 738
7027 3326 739
7026 3342 741
7025 3359 741
7025 3376 737
7023 3394 736
7021 3411 735
7018 3430 734
7014 3448 736
7012 3464 737
7011 3481 741
7009 3500 743
7008 3518 741
7007 3535 740
7006 3555 739
7006 3574 741
7006 3592 742
7006 3611 746
7006 3631 744
7006 3651 743
7007 3671 743
7008 3689 743
7008 3708 744
7009 3724 744
7009 3740 745
7009 3757 748
7008 3775 750
7008 3792 751
7007 3810 752
7006 3828 748
7006 3843 747
7005 3860 748
7005 3876 747
7005 3891 750
7003 3907 751
7002 3921 750
7001 3936 750
7000 3949 753
6999 3961 753
6998 3972 753
6997 3985 753
6995 3994 745
6994 4005 745
6992 4014 745
6992 4023 744
6990 4033 748
6990 4039 749
6990 4045 747
6989 4051 749
6989 4055 746
6987 4059 746
6987 4061 748
6987 4063 748
6988 4064 753
6988 4064 756
6988 4064 765
6987 4064 779
6987 4064 799
6988 4064 828
6988 4064 858
6988 4064 893
6987 4064 928
6988 4064 958
6988 4064 999
6988 4064 1043
6988 4064 1092
6988 4064 1150
6988 4064 1206
6989 4063 1261
6990 4063 1313
6990 4062 1354
6993 4061 1382
6995 4060 1397
6998 4058 1401
7002 4055 1398
7007 4052 1392
7011 4048 1391
7015 4044 1396
7020 4041 1410
7025 4038 1420
7032 4034 1426
7038 4030 1426
7047 4025 1423
7054 4020 1424
7063 4015 1424
7073 4012 1426
7083 4008 1425
7094 4004 1421
7104 3998 1415
7117 3994 1411
7132 3989 1408
7145 3985 1411
7159 3980 1414
7173 3976 1417
7187 3971 1419
7202 3967 1427
7216 3963 1427
7231 3959 1428
7248 3954 1433
7264 3949 1430
7281 3944 1431
7299 3939 1431
7317 3936 1425
7338 3932 1419
7358 3928 1415
7380 3924 1414
7401 3920 1415
7420 3917 1420
7441 3914 1420
7459 3912 1418
7480 3910 1420
7500 3907 1426
7520 3905 1427
7541 3903 1430
7562 3901 1426
7587 3899 1417
7610 3898 1417
7634 3896 1417
7659 3894 1420
7682 3892 1425
7705 3890 1428
7727 3888 1428
7749 3887 1428
7771 3887 1428
7793 3887 1424
7814 3886 1425
7837 3886 1427
7859 3885 1427
7881 3885 1437
7901 3885 1438
7924 3885 1437
7947 3885 1436
7967 3885 1431
7990 3886 1430
8013 3886 1430
8034 3886 1431
8053 3887 1432
8073 3887 1432
8092 3888 1430
8112 3888 1428
8131 3889 1424
8152 3890 1421
8171 3891 1420
8192 3892 1419
8212 3893 1421
8232 3893 1420
8251 3894 1420
8270 3895 1419
8292 3896 1412
8313 3898 1408
8335 3899 1405
8357 3900 1400
8377 3901 1399
8398 3902 1396
8418 3903 1392
8438 3904 1390
8460 3905 1387
8479 3905 1387
8498 3906 1389
8516 3906 1391
8534 3906 1392
8551 3907 1391
8568 3907 1390
8585 3907 1386
8603 3908 1383
8623 3908 1379
8640 3908 1376
8657 3908 1375
8674 3908 1378
8686 3909 1382
8700 3910 1384
8713 3911 1387
8726 3911 1384
8741 3912 1380
8755 3912 1376
8770 3913 1372
8784 3913 1373
8797 3914 1382
8809 3914 1379
8822 3915 1380
8835 3916 1382
8845 3917 1377
8857 3919 1380
8869 3921 1379
8880 3922 1379
8891 3924 1378
8901 3925 1370
8912 3926 1371
8921 3926 1369
8932 3927 1370
8941 3928 1376
8950 3929 1377
8959 3930 1376
8968 3931 1376
8978 3932 1378
8986 3933 1377
8995 3934 1378
9003 3935 1380
9010 3936 1380
9018 3937 1378
9025 3938 1378
9033 3938 1378
9042 3939 1382
9048 3939 1382
9055 3940 1382
9061 3940 1380
9066 3941 1382
9071 3942 1383
9075 3942 1385
9079 3942 1387
9082 3942 1392
9084 3942 1396
9086 3943 1396
9089 3943 1394
9092 3943 1393
9096 3943 1393
9098 3943 1393
9102 3943 1393
9105 3944 1389
9107 3944 1387
9109 3944 1386
9111 3945 1386
9113 3945 1385
9114 3945 1383
9116 3945 1382
9118 3946 1380
9120 3946 1378
9122 3947 1379
9123 3947 1380
9124 3947 1380
9126 3947 1383
9127 3947 1390
9127 3949 1389
9128 3949 1390
9128 3949 1387
9129 3949 1379
9130 3949 1376
9131 3949 1370
9132 3950 1364
9132 3951 1357
9133 3951 1349
9134 3952 1345
9134 3953 1339
9137 3953 1337
9137 3954 1336
9139 3956 1331
9141 3957 1328
9141 3958 1331
9143 3960 1324
9144 3962 1317
9145 3963 1310
9147 3966 1294
9148 3969 1292
9149 3973 1291
9151 3978 1289
9153 3982 1285
9154 3987 1281
9156 3992 1278
9158 3998 1279
9160 4007 1281
9162 4014 1280
9166 4021 1279
9168 4031 1277
9170 4040 1277
9172 4049 1278
9175 4059 1272
9177 4067 1267
9179 4076 1260
9182 4085 1253
9185 4095 1256
9187 4106 1257
9190 4117 1259
9191 4127 1259
9194 4138 1258
9197 4147 1259
9199 4159 1258
9203 4169 1261
9206 4181 1261
9208 4193 1262
9209 4206 1265
9210 4218 1257
9211 4229 1252
9213 4241 1250
9213 4251 1248
9216 4264 1257
9216 4275 1260
9216 4287 1259
9217 4298 1258
9217 4309 1258
9218 4319 1253
9218 4330 1250
9218 4340 1246
9217 4348 1239
9216 4358 1237
9215 4365 1236
9215 4374 1237
9213 4384 1237
9215 4393 1239
9213 4401 1241
9212 4411 1239
9211 4420 1239
9208 4427 1234
9208 4438 1231
9207 4446 1232
9206 4453 1231
9206 4462 1236
9205 4469 1235
9203 4477 1236
9202 4486 1235
9200 4495 1235
9199 4503 1236
9198 4513 1235
9197 4522 1234
9196 4530 1234
9195 4539 1234
9194 4546 1234
9193 4552 1237
9190 4561 1235
9187 4569 1231
9187 4575 1228
9185 4582 1223
9184 4589 1220
9183 4595 1214
9181 4600 1211
9179 4605 1208
9178 4612 1207
9175 4617 1211
9174 4623 1213
9172 4628 1215
9171 4636 1216
9169 4643 1217
9167 4650 1219
9165 4655 1219
9164 4664 1220
9162 4671 1219
9161 4677 1217
9160 4684 1217
9157 4691 1217
9154 4698 1214
9152 4703 1215
9149 4711 1217
9148 4719 1220
9147 4726 1229
9145 4732 1231
9143 4740 1234
9141 4747 1234
9139 4753 1232
9137 4760 1235
9136 4768 1236
9135 4775 1237
9134 4781 1240
9133 4789 1240
9131 4796 1242
9129 4802 1241
9127 4806 1234
9124 4813 1235
9122 4818 1234
9121 4822 1234
9119 4826 1245
9119 4829 1243
9118 4832 1241
9116 4835 1241
9114 4839 1237
9111 4843 1242
9109 4846 1249
9107 4848 1256
9105 4849 1258
9103 4850 1255
9101 4851 1252
9098 4851 1250
9097 4851 1250
9095 4851 1251
9091 4851 1257
9088 4851 1266
9084 4851 1275
9080 4850 1287
9076 4850 1294
9071 4849 1300
9066 4848 1309
9060 4846 1316
9052 4843 1326
9045 4840 1332
9038 4836 1336
9030 4833 1340
9024 4830 1341
9016 4828 1352
9007 4825 1362
8999 4821 1377
8987 4817 1387
8975 4811 1394
8964 4806 1399
8952 4802 1399
8942 4797 1403
8932 4792 1408
8921 4788 1412
8911 4782 1415
8899 4778 1424
8887 4773 1427
8876 4769 1433
8864 4764 1440
8853 4760 1439
8843 4756 1441
8832 4752 1443
8821 4750 1440
8811 4747 1443
8800 4744 1441
8788 4741 1441
8776 4738 1446
8763 4734 1452
8751 4731 1457
8740 4729 1462
8729 4727 1464
8718 4725 1465
8708 4723 1467
8696 4721 1465
8685 4720 1467
8673 4719 1473
8661 4717 1477
8648 4717 1482
8636 4716 1485
8623 4715 1483
8611 4714 1483
8598 4714 1485
8585 4714 1487
8574 4714 1491
8562 4715 1494
8550 4715 1494
8539 4716 1494
8527 4716 1497
8516 4717 1499
8504 4718 1506
8491 4719 1512
8476 4721 1522
8464 4722 1528
8451 4722 1537
8437 4723 1545
8423 4724 1545
8409 4724 1549
8396 4725 1549
8382 4725 1550
8369 4725 1552
8354 4725 1550
8340 4725 1555
8326 4725 1555
8311 4725 1556
8299 4724 1559
8286 4724 1556
8275 4724 1556
8264 4724 1555
8251 4724 1554
8239 4724 1554
8227 4724 1554
8213 4724 1556
8200 4724 1555
8188 4725 1556
8176 4725 1559
8164 4726 1558
8154 4727 1561
8142 4727 1561
8130 4728 1560
8120 4729 1561
8111 4730 1556
8102 4732 1556
8092 4733 1556
8083 4734 1555
8073 4737 1558
8064 4738 1558
8054 4740 1558
8046 4740 1558
8038 4741 1559
8028 4741 1560
8018 4742 1560
8009 4742 1559
7999 4742 1554
7990 4743 1553
7978 4743 1555
7967 4743 1558
7956 4743 1568
7947 4742 1570
7937 4742 1566
7929 4742 1565
7922 4742 1559
7913 4742 1559
7903 4742 1561
7894 4742 1560
7885 4741 1560
7876 4741 1563
7866 4742 1564
7858 4742 1566
7849 4742 1568
7837 4742 1569
7828 4742 1569
7821 4742 1568
7812 4742 1568
7805 4741 1571
7796 4742 1573
7787 4742 1575
7777 4742 1575
7769 4742 1569
7761 4743 1568
7755 4743 1568
7748 4743 1569
7743 4744 1573
7736 4744 1574
7727 4745 1574
7721 4745 1575
7711 4746 1570
7702 4746 1573
7696 4747 1573
7688 4748 1574
7684 4748 1581
7678 4749 1580
7673 4749 1580
7670 4750 1580
7667 4751 1573
7662 4752 1576
7658 4753 1576
7654 4755 1579
7649 4756 1582
7645 4757 1584
7641 4758 1586
7637 4759 1587
7635 4760 1590
7633 4762 1592
7631 4762 1592
7629 4763 1594
7625 4764 1595
7624 4764 1591
7622 4765 1591
7621 4766 1591
7619 4767 1590
7617 4768 1592
7615 4769 1594
7613 4770 1595
7611 4771 1597
7609 4773 1594
7608 4774 1594
7607 4776 1595
7606 4776 1596
7605 4777 1600
7603 4778 1599
7602 4778 1600
7600 4778 1600
7600 4778 1605
7599 4779 1612
7598 4780 1614
7598 4781 1616
7597 4783 1617
7596 4784 1614
7596 4785 1616
7596 4787 1619
7596 4788 1624
7596 4789 1631
7594 4791 1638
7593 4792 1646
7593 4795 1658
7592 4798 1668
7591 4802 1681
7590 4806 1695
7590 4811 1701
7590 4818 1712
7590 4824 1721
7590 4829 1726
7589 4838 1735
7589 4846 1743
7590 4854 1747
7591 4864 1753
7593 4873 1757
7592 4881 1759
7593 4891 1761
7595 4901 1764
7596 4911 1767
7597 4923 1771
7597 4934 1773
7598 4947 1774
7599 4958 1776
7600 4971 1781
7602 4982 1784
7602 4995 1786
7603 5007 1789
7606 5022 1790
7607 5035 1790
7608 5051 1794
7609 5067 1796
7609 5081 1800
7610 5098 1802
7610 5113 1800
7612 5132 1801
7613 5150 1797
7615 5168 1797
7618 5185 1801
7619 5205 1805
7621 5224 1806
7622 5242 1808
7622 5262 1808
7624 5285 1810
7624 5308 1813
7628 5331 1817
7631 5355 1818
7633 5378 1820
7634 5400 1818
7636 5423 1813
7637 5444 1814
7640 5468 1816
7642 5491 1816
7643 5515 1817
7643 5539 1816
7644 5564 1816
7645 5589 1816
7645 5613 1820
7646 5636 1820
7646 5659 1818
7646 5682 1820
7646 5707 1820
7646 5732 1820
7645 5759 1817
7645 5785 1817
7643 5812 1812
7643 5838 1812
7642 5865 1812
7642 5891 1809
7642 5920 1825
7642 5948 1826
7642 5976 1826
7641 6005 1828
7641 6034 1809
7640 6062 1805
7640 6089 1804
7638 6117 1801
7636 6145 1808
7636 6173 1808
7634 6200 1808
7634 6229 1806
7634 6255 1804
7633 6281 1806
7632 6307 1806
7630 6332 1808
7630 6358 1808
7628 6384 1805
7625 6411 1806
7624 6437 1805
7622 6462 1804
7622 6487 1805
7622 6511 1804
7621 6536 1804
7619 6562 1805
7619 6589 1805
7617 6616 1805
7616 6642 1805
7616 6667 1805
7613 6690 1806
7613 6713 1806
7613 6737 1805
7612 6760 1804
7613 6784 1792
7612 6808 1790
7611 6831 1793
7611 6854 1793
7610 6878 1797
7609 6899 1797
7609 6921 1797
7609 6941 1798
7609 6962 1816
7609 6985 1821
7609 7006 1825
7609 7028 1826
7608 7049 1818
7608 7069 1814
7608 7091 1813
7607 7113 1813
7608 7133 1810
7607 7154 1813
7607 7173 1814
7607 7194 1816
7607 7216 1820
7608 7239 1822
7608 7260 1821
7607 7281 1821
7607 7300 1824
7607 7321 1828
7607 7341 1826
7607 7361 1828
7606 7380 1825
7606 7398 1826
7606 7417 1825
7607 7436 1825
7607 7455 1829
7606 7474 1824
7607 7493 1828
7608 7513 1828
7609 7531 1833
7609 7547 1841
7610 7567 1844
7612 7584 1849
7613 7602 1850
7613 7622 1849
7615 7640 1852
7616 7660 1852
7618 7679 1852
7621 7697 1857
7622 7716 1857
7623 7734 1858
7624 7751 1861
7624 7770 1860
7625 7787 1864
7627 7805 1864
7629 7823 1864
7630 7840 1862
7632 7861 1861
7632 7880 1862
7633 7899 1864
7633 7916 1864
7634 7934 1860
7634 7951 1861
7635 7967 1860
7637 7985 1860
7636 8001 1856
7638 8015 1854
7640 8031 1854
7640 8047 1854
7642 8064 1860
7642 8079 1861
7643 8097 1860
7644 8113 1860
7641 8129 1852
7643 8145 1853
7644 8163 1856
7646 8179 1860
7651 8194 1879
7653 8210 1884
7655 8225 1888
7657 8241 1892
7658 8258 1885
7660 8274 1887
7661 8289 1888
7663 8305 1887
7665 8319 1894
7668 8333 1894
7671 8347 1892
7672 8360 1894
7673 8373 1894
7674 8386 1894
7675 8398 1894
7676 8409 1894
7678 8420 1892
7679 8430 1887
7680 8440 1888
7681 8450 1889
7682 8460 1892
7683 8469 1909
7685 8477 1909
7685 8486 1909
7685 8494 1906
7685 8502 1898
7686 8510 1899
7686 8517 1902
7686 8524 1903
7688 8530 1903
7689 8535 1903
7689 8539 1903
7691 8543 1903
7691 8546 1902
7691 8549 1903
7691 8551 1904
7692 8552 1910
7692 8553 1906
7692 8554 1914
7692 8554 1928
7692 8554 1943
7692 8554 1973
7691 8553 1998
7692 8553 2028
7692 8553 2059
7692 8553 2096
7694 8553 2132
7693 8553 2162
7694 8553 2189
7695 8553 2202
7697 8552 2205
7700 8552 2208
7707 8551 2208
7712 8550 2212
7719 8548 2216
7723 8547 2221
7726 8545 2234
7731 8543 2250
7735 8542 2270
7737 8540 2291
7743 8539 2301
7749 8537 2304
7756 8536 2306
7763 8534 2300
7774 8532 2295
7784 8532 2292
7796 8531 2289
7806 8531 2289
7816 8532 2286
7827 8532 2282
7837 8533 2273
7850 8534 2270
7863 8535 2268
7877 8536 2270
7891 8538 2273
7905 8539 2271
7920 8541 2273
7934 8542 2274
7950 8543 2280
7966 8545 2280
7985 8546 2279
8003 8547 2277
8021 8549 2277
8038 8549 2280
8053 8550 2280
8069 8551 2282
8086 8551 2280
8101 8552 2286
8117 8552 2285
8133 8552 2283
8151 8552 2283
8168 8552 2279
8189 8552 2276
8209 8552 2274
8229 8552 2274
8248 8552 2267
8267 8553 2268
8288 8553 2270
8309 8554 2273
8330 8556 2282
8349 8557 2285
8369 8559 2288
8387 8561 2285
8409 8563 2276
8429 8565 2276
8449 8568 2276
8469 8570 2279
8489 8573 2289
8507 8576 2292
8525 8578 2291
8544 8581 2289
8564 8584 2289
8585 8586 2288
8606 8589 2288
8626 8591 2291
8646 8593 2288
8664 8596 2292
8682 8598 2292
8699 8600 2292
8716 8602 2294
8732 8604 2292
8747 8605 2294
8760 8606 2297
8773 8606 2300
8784 8606 2303
8797 8606 2304
8810 8606 2304
8822 8605 2301
8838 8604 2306
8850 8603 2307
8861 8602 2312
8872 8601 2316
8881 8599 2319
8890 8597 2325
8899 8595 2328
8908 8593 2330
8917 8591 2324
8927 8589 2321
8937 8588 2319
8946 8586 2318
8957 8585 2325
8966 8584 2325
8975 8583 2325
8984 8582 2325
8992 8581 2327
8999 8580 2325
9007 8578 2327
9015 8577 2325
9024 8575 2321
9033 8574 2324
9042 8572 2319
9051 8570 2321
9058 8569 2322
9065 8567 2331
9071 8566 2336
9076 8564 2339
9081 8562 2343
9085 8560 2336
9089 8558 2339
9094 8556 2339
9098 8553 2339
9102 8551 2339
9105 8548 2336
9107 8545 2334
9109 8542 2330
9111 8539 2322
9111 8537 2318
9113 8534 2315
9114 8531 2307
9115 8528 2306
9115 8525 2297
9116 8523 2288
9116 8520 2282
9117 8516 2273
9117 8513 2271
9118 8510 2267
9119 8507 2267
9118 8504 2267
9120 8501 2265
9120 8498 2262
9120 8494 2259
9120 8490 2258
9120 8486 2256
9120 8482 2259
9120 8478 2261
9120 8474 2261
9119 8470 2258
9118 8465 2255
9117 8460 2255
9116 8455 2256
9115 8450 2256
9115 8445 2259
9114 8440 2262
9113 8434 2264
9110 8427 2273
9108 8420 2273
9107 8413 2273
9105 8406 2274
9107 8399 2274
9105 8391 2277
9103 8382 2279
9101 8374 2283
9097 8364 2292
9095 8355 2292
9092 8345 2297
9090 8334 2295
9086 8323 2297
9084 8311 2300
9082 8300 2303
9079 8288 2307
9076 8276 2309
9075 8264 2315
9073 8252 2318
9071 8239 2318
9069 8226 2316
9067 8213 2318
9065 8200 2321
9064 8186 2327
9063 8173 2330
9060 8155 2339
9059 8139 2337
9057 8122 2337
9055 8104 2345
9054 8086 2333
9053 8067 2339
9052 8050 2343
9051 8031 2346
9051 8015 2355
9051 7997 2354
9051 7978 2360
9052 7961 2360
9053 7942 2368
9054 7925 2378
9055 7908 2384
9057 7888 2387
9057 7871 2393
9059 7851 2396
9060 7833 2401
9063 7814 2409
9067 7798 2406
9069 7781 2409
9072 7763 2409
9073 7746 2407
9077 7726 2415
9080 7709 2418
9082 7691 2420
9085 7672 2423
9086 7654 2427
9090 7634 2432
9093 7617 2433
9096 7597 2438
9098 7581 2433
9101 7564 2429
9103 7545 2424
9105 7527 2421
9107 7507 2423
9108 7488 2424
9109 7469 2426
9111 7450 2426
9111 7431 2427
9111 7413 2426
9113 7394 2427
9115 7377 2430
9116 7359 2436
9118 7342 2449
9118 7326 2453
9119 7309 2457
9120 7292 2455
9124 7274 2447
9124 7257 2447
9126 7239 2447
9127 7220 2452
9124 7202 2461
9126 7184 2464
9126 7167 2466
9127 7150 2466
9127 7134 2463
9127 7117 2466
9127 7103 2467
9127 7088 2471
9128 7072 2472
9129 7058 2472
9130 7043 2475
9131 7031 2475
9132 7018 2483
9134 7007 2489
9135 6995 2491
9137 6985 2492
9137 6975 2492
9137 6964 2489
9140 6956 2494
9141 6948 2499
9143 6939 2502
9146 6933 2513
9148 6927 2520
9149 6923 2525
9151 6918 2536
9152 6916 2541
9154 6914 2552
9155 6911 2565
9156 6911 2574
9158 6910 2585
9159 6909 2595
9161 6908 2603
9162 6908 2608
9165 6908 2592
9166 6908 2592
9166 6908 2592
9167 6908 2592
9162 6908 2598
9164 6908 2596
9165 6909 2595
9166 6909 2604
9167 6908 2606
9167 6909 2600
9167 6909 2598
9168 6909 2598
9168 6909 2596
9168 6909 2603
9168 6909 2608
9168 6909 2609
9169 6909 2611
9168 6909 2611
9170 6909 2617
9170 6909 2616
9170 6909 2620
9171 6909 2624
9170 6910 2630
9171 6910 2635
9172 6910 2632
9172 6911 2635
9172 6911 2622
9173 6911 2627
9174 6911 2628
9175 6911 2633
9178 6911 2644
9180 6912 2646
9182 6912 2651
9185 6913 2651
9187 6914 2651
9191 6914 2652
9196 6915 2656
9200 6915 2662
9207 6916 2667
9213 6918 2669
9220 6921 2672
9228 6922 2672
9237 6925 2665
9245 6927 2667
9254 6929 2669
9263 6931 2670
9271 6933 2667
9280 6934 2664
9289 6936 2667
9299 6937 2665
9310 6939 2672
9318 6940 2675
9327 6941 2672
9339 6943 2673
9350 6945 2677
9363 6948 2685
9375 6949 2688
9387 6951 2690
9398 6953 2694
9410 6954 2698
9422 6956 2701
9433 6958 2703
9444 6959 2699
9457 6960 2699
9469 6961 2707
9480 6961 2709
9495 6961 2709
9509 6962 2712
9524 6963 2716
9539 6964 2722
9554 6966 2733
9568 6967 2752
9585 6969 2753
9600 6970 2755
9616 6973 2753
9631 6974 2738
9648 6976 2740
9666 6977 2742
9685 6978 2743
9703 6981 2743
9721 6983 2740
9741 6985 2740
9761 6987 2738
9782 6988 2743
9804 6990 2745
9823 6991 2745
9845 6993 2747
9867 6995 2747
9889 6997 2748
9911 6999 2747
9936 7001 2747
9959 7003 2748
9982 7005 2756
10005 7006 2756
10028 7008 2758
10051 7009 2758
10075 7011 2747
10099 7012 2747
10122 7013 2747
10144 7015 2748
10167 7016 2750
10189 7018 2753
10210 7020 2756
10231 7023 2756
10253 7025 2758
10277 7027 2758
10301 7030 2760
10324 7033 2760
10346 7035 2763
10369 7038 2763
10392 7040 2765
10415 7042 2766
10437 7045 2766
10458 7049 2766
10481 7051 2766
10503 7054 2768
10527 7056 2766
10550 7059 2763
10574 7062 2765
10596 7063 2766
10618 7065 2766
10639 7067 2788
10660 7069 2789
10682 7071 2789
10703 7074 2789
10726 7076 2775
10747 7077 2776
10767 7079 2775
10786 7080 2775
10804 7082 2783
10824 7083 2779
10843 7085 2778
10863 7087 2776
10884 7088 2796
10902 7089 2796
10921 7091 2794
10940 7093 2796
10956 7094 2768
10972 7095 2771
10987 7095 2770
11003 7096 2766
11019 7096 2761
11035 7096 2763
11051 7097 2760
11066 7097 2760
11079 7099 2760
11092 7099 2758
11105 7099 2758
11118 7099 2758
11130 7099 2760
11143 7099 2770
11155 7097 2771
11166 7097 2773
11178 7096 2773
11190 7095 2755
11202 7094 2755
11213 7093 2755
11224 7092 2756
11232 7091 2763
11241 7090 2763
11250 7089 2760
11258 7089 2758
11269 7088 2755
11277 7087 2753
11283 7086 2755
11291 7085 2756
11295 7085 2756
11300 7084 2758
11305 7084 2758
11309 7083 2756
11316 7082 2758
11321 7081 2756
11326 7080 2756
11330 7079 2755
11333 7078 2758
11337 7077 2756
11341 7076 2753
11344 7076 2753
11345 7075 2752
11347 7075 2750
11350 7074 2752
11352 7074 2753
11355 7074 2753
11356 7074 2761
11357 7074 2761
11359 7072 2761
11359 7072 2760
11361 7072 2753
11362 7072 2753
11364 7072 2753
11366 7074 2755
11367 7074 2775
11368 7074 2775
11370 7075 2776
11371 7075 2776
11371 7075 2763
11374 7076 2763
11376 7077 2761
11377 7077 2760
11381 7078 2752
11383 7080 2752
11384 7080 2748
11385 7081 2745
11385 7082 2756
11387 7082 2752
11389 7083 2748
11390 7085 2747
11394 7087 2733
11396 7089 2730
11399 7092 2727
11402 7096 2722
11405 7102 2716
11408 7106 2712
11412 7111 2707
11415 7116 2703
11417 7122 2696
11419 7129 2686
11422 7136 2681
11426 7143 2678
11430 7151 2678
11434 7160 2686
11435 7167 2683
11439 7177 2680
11441 7187 2673
11445 7197 2662
11447 7210 2657
11451 7222 2651
11454 7237 2648
11457 7251 2644
11460 7264 2636
11461 7278 2632
11466 7292 2627
11467 7306 2628
11470 7322 2628
11473 7338 2624
11477 7354 2622
11481 7370 2616
11484 7388 2612
11485 7406 2609
11486 7424 2606
11488 7443 2598
11490 7463 2598
11492 7482 2596
11494 7504 2596
11496 7525 2600
11497 7545 2606
11498 7565 2609
11499 7584 2612
11503 7605 2612
11506 7626 2614
11507 7646 2612
11509 7668 2609
11508 7690 2604
11509 7711 2603
11510 7734 2601
11511 7756 2600
11511 7776 2600
11512 7799 2588
11512 7822 2588
11515 7846 2587
11516 7872 2587
11516 7897 2595
11517 7922 2593
11517 7946 2590
11517 7970 2587
11516 7992 2579
11516 8015 2576
11515 8039 2574
11514 8062 2574
11516 8086 2571
11515 8109 2569
11514 8132 2568
11512 8155 2566
11511 8177 2577
11511 8199 2577
11511 8220 2577
11511 8242 2579
11510 8264 2563
11510 8286 2565
11510 8309 2565
11510 8332 2568
11511 8354 2576
11511 8377 2576
11511 8398 2576
11512 8419 2574
11512 8441 2574
11512 8462 2574
11514 8486 2576
11515 8510 2577
11517 8535 2576
11518 8560 2577
11520 8584 2576
11522 8609 2579
11524 8633 2580
11527 8658 2577
11530 8683 2577
11532 8708 2576
11534 8733 2577
11536 8759 2588
11540 8786 2588
11543 8811 2587
11545 8836 2584
11549 8861 2576
11552 8884 2573
11554 8909 2573
11557 8934 2574
11559 8959 2568
11562 8984 2568
11563 9009 2569
11567 9033 2569
11569 9057 2584
11572 9081 2585
11574 9105 2585
11577 9131 2585
11578 9156 2587
11580 9180 2585
11582 9204 2585
11584 9228 2584
11586 9250 2573
11587 9272 2571
11587 9294 2569
11590 9316 2568
11593 9338 2569
11595 9360 2568
11597 9383 2569
11599 9405 2569
11601 9428 2571
11605 9450 2569
11608 9473 2563
11611 9495 2560
11613 9517 2552
11617 9541 2554
11621 9565 2554
11624 9589 2555
11628 9613 2555
11633 9637 2552
11636 9661 2552
11639 9684 2549
11643 9706 2547
11646 9728 2539
11648 9750 2541
11651 9773 2541
11655 9796 2541
11659 9819 2538
11663 9840 2536
11664 9861 2535
11668 9880 2533
11669 9898 2554
11670 9918 2554
11672 9936 2552
11674 9953 2552
11676 9971 2539
11676 9988 2539
11679 10005 2541
11680 10022 2541
11681 10039 2541
11682 10056 2538
11683 10072 2536
11684 10087 2536
11685 10100 2535
11686 10112 2531
11687 10124 2530
11687 10134 2530
11688 10146 2530
11689 10157 2544
11689 10168 2546
11689 10179 2544
11690 10189 2544
11690 10199 2528
11690 10207 2527
11690 10215 2525
11690 10221 2524
11692 10227 2528
11692 10233 2527
11692 10238 2525
11690 10243 2524
11687 10247 2519
11686 10250 2514
11686 10253 2508
11685 10255 2503
11687 10257 2502
11687 10259 2494
11686 10260 2485
11686 10261 2474
11685 10261 2466
11684 10261 2453
11684 10261 2441
11683 10261 2429
11682 10261 2404
11681 10261 2390
11680 10260 2378
11679 10260 2369
11677 10260 2363
11677 10260 2355
11676 10260 2349
11676 10260 2342
11675 10260 2334
11674 10259 2325
11672 10259 2316
11670 10259 2307
11669 10259 2298
11667 10258 2291
11663 10258 2283
11662 10257 2277
11658 10255 2271
11654 10254 2259
11650 10253 2255
11646 10252 2252
11641 10251 2252
11635 10250 2252
11629 10249 2250
11624 10248 2246
11619 10248 2239
11616 10248 2236
11610 10247 2233
11603 10247 2231
11593 10247 2233
11579 10246 2240
11569 10245 2241
11559 10244 2240
11549 10244 2239
11542 10244 2219
11533 10243 2218
11524 10243 2218
11514 10243 2218
11503 10243 2231
11492 10242 2231
11481 10242 2231
11470 10242 2233
11459 10241 2230
11446 10241 2233
11433 10240 2234
11418 10239 2237
11403 10238 2239
11387 10237 2239
11371 10237 2239
11358 10236 2237
11343 10236 2240
11328 10236 2237
11313 10235 2237
11298 10235 2237
11282 10234 2239
11267 10234 2246
11250 10233 2247
11232 10233 2249
11214 10233 2249
11194 10233 2247
11176 10233 2249
11156 10233 2249
11139 10233 2252
11122 10233 2247
11103 10233 2246
11086 10233 2247
11067 10233 2247
11052 10234 2253
11035 10234 2255
11016 10235 2256
10998 10235 2255
10978 10236 2259
10963 10236 2258
10947 10237 2259
10928 10237 2261
10911 10238 2240
10891 10238 2243
10872 10239 2244
10854 10240 2250
10836 10241 2270
10817 10242 2270
10799 10242 2270
10781 10242 2265
10764 10242 2262
10746 10242 2264
10728 10242 2265
10709 10242 2270
10690 10242 2277
10671 10242 2279
10654 10242 2279
10635 10241 2280
10620 10241 2282
10605 10241 2286
10587 10241 2288
10568 10242 2289
10546 10242 2292
10525 10242 2301
10505 10241 2306
10486 10241 2310
10467 10240 2313
10448 10239 2306
10429 10238 2310
10411 10237 2313
10393 10236 2315
10376 10236 2318
10358 10235 2319
10340 10235 2322
10322 10234 2325
10302 10234 2328
10284 10233 2331
10265 10232 2333
10247 10232 2336
10231 10232 2340
10214 10232 2340
10196 10232 2340
10178 10232 2339
10158 10232 2330
10139 10232 2331
10120 10232 2333
10101 10231 2333
10083 10231 2339
10063 10230 2342
10045 10230 2345
10024 10228 2348
10002 10228 2357
9982 10227 2361
9962 10226 2361
9941 10224 2364
9922 10222 2361
9898 10221 2360
9878 10219 2364
9856 10218 2363
9834 10216 2368
9814 10213 2372
9793 10211 2372
9772 10208 2375
9753 10205 2374
9732 10202 2378
9712 10199 2380
9691 10196 2381
9670 10194 2383
9649 10190 2378
9628 10189 2380
9607 10187 2381
9588 10185 2384
9568 10183 2396
9548 10182 2401
9527 10180 2404
9505 10178 2406
9482 10176 2404
9460 10174 2409
9439 10172 2415
9419 10170 2420
9399 10169 2421
9378 10168 2424
9357 10167 2427
9336 10165 2432
9314 10164 2433
9294 10163 2440
9271 10163 2443
9249 10162 2446
9226 10162 2438
9206 10162 2435
9186 10163 2438
9166 10163 2438
9147 10163 2455
9127 10164 2461
9106 10165 2463
9086 10165 2466
9065 10166 2464
9044 10167 2461
9025 10168 2460
9005 10168 2464
8984 10169 2467
8964 10171 2471
8944 10173 2472
8924 10175 2464
8906 10178 2464
8888 10180 2464
8869 10183 2466
8851 10185 2469
8832 10188 2469
8814 10190 2471
8794 10194 2469
8776 10197 2469
8758 10200 2469
8740 10202 2475
8723 10206 2477
8705 10209 2475
8686 10212 2478
8667 10215 2463
8647 10217 2461
8627 10220 2461
8607 10223 2458
8588 10226 2471
8569 10228 2472
8551 10232 2474
8533 10234 2474
8512 10237 2469
8493 10240 2469
8474 10243 2466
8456 10245 2466
8440 10249 2474
8420 10252 2474
8400 10255 2475
8380 10258 2477
8358 10262 2463
8339 10265 2463
8320 10269 2458
8300 10273 2458
8281 10277 2460
8260 10281 2463
8240 10286 2466
8220 10290 2466
8201 10294 2466
8180 10298 2464
8163 10302 2463
8142 10306 2463
8123 10309 2471
8102 10312 2471
8080 10314 2471
8061 10317 2471
8039 10319 2471
8018 10321 2466
7998 10323 2466
7977 10325 2466
7958 10328 2466
7935 10330 2472
7914 10332 2474
7892 10335 2477
7871 10336 2477
7850 10337 2481
7828 10339 2481
7808 10340 2483
7787 10341 2485
7767 10341 2475
7747 10342 2475
7725 10342 2475
7705 10344 2475
7684 10345 2481
7661 10346 2483
7641 10347 2480
7620 10348 2478
7599 10349 2475
7580 10351 2474
7558 10352 2474
7536 10353 2475
7517 10354 2474
7496 10355 2472
7477 10357 2472
7457 10358 2471
7438 10360 2477
7416 10362 2480
7394 10363 2483
7371 10365 2485
7350 10366 2491
7328 10367 2491
7306 10368 2491
7286 10369 2489
7265 10370 2477
7244 10372 2477
7226 10373 2475
7206 10373 2477
7186 10374 2486
7165 10374 2489
7145 10374 2489
7125 10375 2488
7105 10376 2486
7086 10377 2488
7064 10377 2486
7043 10378 2489
7021 10378 2491
6999 10378 2492
6977 10378 2499
6956 10377 2497
6936 10376 2495
6914 10375 2495
6895 10375 2494
6874 10374 2494
6855 10374 2495
6835 10374 2500
6818 10374 2499
6797 10373 2497
6778 10372 2499
6756 10370 2486
6734 10369 2488
6714 10368 2491
6693 10367 2489
6673 10366 2488
6653 10364 2491
6633 10362 2492
6615 10360 2497
6593 10357 2499
6575 10355 2492
6556 10353 2491
6539 10350 2489
6524 10348 2499
6505 10345 2502
6487 10343 2503
6469 10340 2506
6447 10336 2505
6430 10332 2508
6412 10328 2508
6394 10324 2508
6377 10320 2506
6362 10316 2505
6346 10312 2503
6331 10307 2500
6316 10303 2494
6300 10298 2494
6282 10293 2497
6268 10288 2500
6250 10282 2508
6237 10277 2508
6224 10272 2509
6211 10266 2508
6200 10261 2508
6190 10256 2513
6180 10250 2514
6170 10245 2516
6161 10240 2517
6153 10235 2519
6145 10230 2520
6136 10225 2525
6128 10220 2528
6120 10215 2520
6113 10210 2528
6108 10205 2535
6103 10201 2546
6098 10196 2569
6095 10193 2582
6092 10189 2593
6089 10185 2606
6085 10182 2617
6083 10178 2630
6081 10176 2649
6079 10174 2667
6082 10172 2677
6082 10171 2696
6081 10169 2716
6081 10168 2735
6079 10166 2765
6079 10164 2784
6079 10162 2804
6079 10160 2819
6081 10158 2831
6081 10155 2841
6083 10151 2849
6083 10148 2857
6084 10144 2871
6085 10140 2879
6088 10135 2886
6091 10130 2894
6094 10125 2896
6095 10121 2909
6097 10117 2920
6098 10112 2928
6101 10107 2942
6104 10101 2945
6107 10095 2957
6109 10089 2967
6111 10083 2977
6113 10077 2994
6115 10072 3000
6117 10065 3005
6120 10058 3001
6121 10050 3001
6123 10041 2998
6127 10032 2996
6129 10022 2996
6133 10013 2993
6135 10003 2993
6136 9992 2991
6138 9981 2989
6139 9969 2986
6141 9957 2986
6142 9944 2988
6142 9931 2988
6142 9918 2986
6144 9905 2984
6145 9890 2981
6146 9875 2977
6147 9859 2981
6148 9843 2979
6147 9826 2977
6147 9808 2976
6145 9789 2972
6145 9770 2974
6145 9751 2974
6145 9732 2974
6144 9714 2974
6145 9695 2972
6144 9676 2972
6144 9656 2974
6142 9636 2970
6141 9616 2977
6139 9594 2976
6138 9573 2976
6136 9552 2977
6133 9530 2974
6132 9509 2977
6130 9489 2979
6130 9468 2982
6130 9447 2982
6130 9424 2982
6130 9402 2984
6129 9379 2986
6129 9357 2986
6128 9335 2988
6127 9313 2989
6127 9292 2991
6125 9272 3000
6125 9251 3000
6125 9231 3001
6125 9211 3003
6127 9191 2996
6126 9171 3000
6126 9150 3000
6126 9130 3000
6123 9110 3001
6123 9091 3001
6123 9072 3001
6123 9055 3001
6123 9038 2998
6123 9020 2998
6122 9002 2998
6121 8983 2994
6119 8965 3000
6120 8946 3000
6119 8928 2998
6117 8910 2998
6117 8892 2996
6117 8874 3003
6116 8858 3005
6116 8842 3003
6116 8827 3001
6116 8811 2998
6116 8794 3000
6116 8777 3001
6116 8760 3001
6114 8743 2993
6114 8727 2991
6114 8711 2988
6114 8695 2991
6116 8679 2991
6116 8663 2993
6115 8647 2994
6114 8632 2993
6114 8617 2989
6114 8603 2988
6113 8590 2989
6113 8578 2991
6111 8566 2986
6111 8555 2989
6111 8544 2988
6111 8534 2988
6111 8525 2996
6111 8516 2996
6110 8508 3001
6110 8500 3003
6108 8494 3008
6107 8489 3012
6107 8484 3012
6107 8480 3012
6108 8477 3010
6109 8474 3006
6109 8472 3006
6109 8470 3006
6109 8468 3008
6109 8467 3010
6109 8466 3012
6109 8466 3015
6109 8467 3017
6109 8468 3017
6109 8468 3015
6109 8468 3012
6111 8468 3003
6111 8468 3001
6111 8469 2998
6111 8469 2994
6111 8469 2998
6111 8470 2993
6111 8470 2986
6111 8470 2979
6110 8470 2962
6110 8471 2952
6110 8471 2948
6110 8471 2940
6110 8471 2952
6109 8471 2945
6109 8471 2938
6109 8471 2931
6109 8471 2913
6109 8471 2908
6109 8471 2898
6109 8471 2891
6109 8471 2888
6108 8471 2878
6107 8472 2872
6104 8472 2864
6104 8472 2857
6101 8473 2861
6098 8474 2859
6096 8475 2859
6092 8475 2856
6087 8476 2861
6082 8477 2857
6076 8479 2856
6069 8480 2854
6064 8482 2837
6057 8483 2836
6050 8484 2836
6043 8485 2832
6035 8486 2832
6030 8487 2829
6022 8488 2827
6014 8489 2826
6003 8490 2832
5995 8491 2836
5984 8491 2832
5976 8492 2831
5967 8492 2842
5957 8492 2844
5948 8491 2846
5939 8491 2842
5929 8490 2817
5920 8489 2813
5910 8489 2811
5899 8488 2809
5889 8488 2811
5876 8488 2814
5863 8488 2816
5852 8487 2816
5838 8487 2817
5825 8486 2817
5812 8485 2814
5798 8485 2816
5781 8484 2816
5764 8483 2809
5748 8483 2813
5733 8482 2811
5719 8481 2811
5706 8480 2806
5692 8479 2796
5678 8478 2789
5663 8478 2783
5646 8477 2799
5628 8477 2798
5613 8476 2796
5596 8476 2794
5580 8475 2778
5563 8474 2778
5546 8473 2778
5529 8471 2779
5509 8470 2781
5492 8468 2781
5474 8467 2781
5457 8465 2779
5438 8464 2779
5419 8462 2778
5400 8460 2778
5381 8458 2776
5363 8456 2786
5345 8454 2784
5326 8452 2783
5307 8451 2783
5290 8449 2763
5271 8447 2763
5251 8444 2763
5231 8442 2765
5212 8439 2773
5190 8437 2773
5171 8435 2773
5152 8432 2773
5131 8431 2778
5112 8429 2779
5092 8427 2779
5072 8426 2779
5053 8424 2781
5034 8423 2778
5014 8423 2779
4993 8422 2778
4973 8421 2776
4951 8420 2779
4930 8419 2779
4909 8419 2781
4888 8418 2781
4866 8418 2776
4844 8417 2776
4822 8417 2776
4801 8416 2779
4780 8416 2789
4757 8416 2791
4735 8415 2791
4713 8415 2793
4692 8414 2786
4672 8414 2786
4652 8414 2788
4632 8413 2788
4608 8413 2789
4587 8412 2789
4567 8411 2789
4546 8410 2789
4529 8409 2799
4508 8408 2803
4487 8407 2806
4466 8406 2806
4444 8405 2799
4425 8405 2804
4407 8404 2808
4388 8404 2813
4370 8404 2809
4351 8403 2809
4332 8403 2809
4314 8403 2811
4297 8403 2819
4281 8403 2817
4266 8403 2817
4251 8404 2816
4236 8404 2811
4222 8405 2811
4208 8406 2813
4193 8408 2813
4179 8410 2817
4165 8412 2816
4152 8414 2816
4138 8415 2816
4125 8417 2816
4112 8419 2822
4098 8421 2821
4089 8423 2822
4079 8424 2822
4071 8426 2821
4062 8427 2822
4052 8429 2821
4043 8431 2821
4033 8432 2819
4025 8433 2817
4014 8435 2817
4006 8436 2817
3998 8437 2817
3989 8438 2819
3982 8439 2819
3974 8440 2817
3966 8441 2813
3957 8442 2811
3950 8443 2813
3942 8443 2813
3933 8444 2832
3928 8445 2831
3922 8446 2829
3916 8446 2829
3912 8446 2808
3909 8446 2808
3906 8446 2808
3903 8447 2809
3899 8447 2814
3899 8447 2814
3897 8448 2814
3896 8448 2813
3893 8448 2813
3893 8448 2817
3892 8448 2817
3891 8448 2817
3890 8448 2817
3890 8448 2816
3890 8447 2819
3890 8447 2821
3888 8448 2819
3888 8448 2822
3888 8448 2826
3888 8448 2831
3888 8447 2837
3888 8447 2841
3888 8447 2844
3888 8447 2847
3887 8447 2849
3887 8447 2852
3887 8447 2857
3887 8447 2861
3890 8447 2862
3890 8446 2866
3890 8447 2867
3890 8447 2869
3887 8447 2872
3887 8447 2874
3887 8446 2876
3887 8446 2878
3887 8446 2886
3887 8446 2888
3887 8446 2891
3888 8446 2881
3888 8446 2883
3888 8447 2884
3888 8447 2888
3887 8447 2894
3887 8447 2894
3887 8447 2899
3887 8447 2904
3887 8448 2909
3888 8448 2918
3888 8448 2923
3888 8448 2928
3888 8448 2933
3890 8448 2945
3890 8448 2948
3891 8448 2952
3891 8448 2955
3892 8448 2950
3892 8448 2952
3892 8449 2952
3892 8449 2950
3893 8449 2950
3893 8449 2948
3893 8449 2947
3893 8449 2943
3891 8449 2950
3891 8449 2948
3891 8449 2947
3891 8449 2945
3891 8450 2937
3891 8450 2935
3891 8450 2933
3891 8451 2930
3891 8451 2921
3891 8451 2918
3891 8452 2916
3891 8452 2915
3891 8453 2916
3890 8453 2916
3888 8454 2915
3888 8455 2915
3886 8457 2916
3886 8459 2915
3885 8462 2918
3884 8465 2918
3882 8468 2918
3882 8472 2920
3881 8477 2920
3880 8482 2921
3879 8488 2925
3877 8495 2925
3875 8503 2925
3874 8513 2928
3873 8523 2926
3873 8534 2930
3873 8544 2930
3872 8556 2931
3871 8568 2935
3871 8581 2950
3871 8595 2953
3872 8609 2955
3872 8623 2955
3871 8637 2938
3871 8653 2935
3871 8669 2937
3872 8685 2935
3872 8702 2940
3874 8720 2940
3874 8738 2940
3875 8758 2943
3878 8778 2943
3879 8800 2945
3880 8819 2945
3881 8839 2947
3881 8859 2950
3881 8880 2935
3884 8902 2937
3885 8924 2937
3886 8947 2942
3887 8971 2965
3888 8995 2967
3891 9019 2969
3892 9044 2967
3893 9068 2970
3894 9093 2972
3896 9120 2970
3897 9147 2970
3896 9175 2957
3896 9202 2955
3897 9230 2957
3898 9256 2955
3898 9284 2967
3899 9312 2970
3900 9339 2972
3901 9368 2974
3904 9397 2991
3905 9426 2993
3905 9454 2996
3906 9482 3000
3909 9510 2989
3910 9537 2994
3911 9566 2996
3912 9595 2996
3912 9624 2993
3914 9653 2994
3916 9682 2998
3917 9711 3000
3918 9740 2996
3919 9771 3001
3920 9801 3003
3922 9832 3003
3923 9862 3005
3924 9892 3003
3925 9921 3003
3925 9950 3001
3925 9978 3001
3926 10006 2991
3926 10033 2991
3926 10060 2993
3926 10087 2988
3925 10113 2986
3925 10138 2981
3925 10163 2979
3925 10187 2977
3925 10212 2982
3925 10238 2984
3924 10263 2984
3923 10288 2984
3922 10312 2969
3922 10335 2965
3922 10357 2965
3920 10378 2965
3919 10401 2981
3918 10425 2982
3918 10449 2982
3917 10473 2981
3916 10495 2984
3916 10517 2984
3914 10537 2981
3914 10558 2982
3914 10578 2981
3914 10598 2979
3913 10618 2979
3912 10638 2979
3912 10657 2979
3911 10676 2979
3910 10696 2977
3910 10715 2979
3910 10733 2982
3907 10750 3010
3907 10766 3015
3909 10781 3017
3909 10797 3015
3909 10813 2996
3909 10830 2998
3909 10847 3000
3909 10863 3001
3909 10878 3000
3909 10892 2998
3909 10906 2998
3907 10921 3000
3909 10935 2998
3909 10948 3000
3907 10960 3000
3907 10971 3000
3903 10983 3012
3901 10996 3012
3901 11008 3013
3900 11020 3015
3903 11032 3005
3901 11043 3003
3900 11055 3003
3899 11066 3003
3899 11078 3006
3899 11090 3005
3899 11101 3006
3898 11113 3006
3898 11124 3006
3898 11135 3008
3897 11146 3008
3897 11155 3010
3897 11166 3010
3898 11177 3005
3898 11186 3005
3898 11196 3005
3899 11205 3003
3898 11214 3013
3898 11224 3013
3899 11235 3013
3899 11247 3015
3899 11258 3013
3899 11270 3017
3900 11282 3018
3901 11295 3020
3903 11308 3012
3905 11320 3013
3906 11333 3015
3909 11346 3015
3912 11359 3025
3913 11371 3025
3916 11383 3025
3917 11393 3027
3917 11402 3022
3918 11411 3022
3918 11421 3024
3918 11431 3024
3919 11442 3029
3920 11452 3029
3920 11463 3029
3922 11473 3029
3922 11483 3030
3924 11493 3032
3925 11502 3034
3925 11511 3032
3928 11519 3030
3928 11527 3032
3928 11534 3032
3929 11541 3032
3929 11547 3030
3929 11553 3025
3929 11558 3024
3929 11564 3024
3929 11570 3024
3929 11574 3018
3930 11581 3018
3930 11586 3020
3931 11590 3022
3931 11595 3034
3931 11599 3037
3932 11603 3037
3932 11607 3036
3933 11610 3036
3933 11612 3034
3933 11614 3036
3933 11616 3037
3933 11617 3044
3935 11617 3046
3933 11617 3048
3935 11618 3049
3935 11618 3037
3933 11618 3039
3935 11618 3042
3933 11617 3044
3935 11617 3055
3936 11617 3058
3936 11617 3060
3936 11617 3063
3936 11617 3065
3936 11617 3070
3936 11617 3074
3936 11616 3077
3935 11616 3079
3936 11616 3081
3936 11616 3084
3936 11616 3087
3936 11615 3093
3935 11615 3100
3935 11615 3105
3935 11615 3108
3933 11615 3110
3933 11615 3103
3933 11616 3107
3933 11616 3110
3933 11616 3114
3931 11616 3121
3931 11615 3124
3931 11615 3126
3931 11615 3128
3936 11615 3135
3937 11615 3135
3937 11615 3136
3937 11616 3140
3935 11616 3142
3935 11616 3145
3936 11616 3145
3936 11616 3147
3936 11616 3136
3936 11616 3135
3936 11616 3136
3933 11616 3143
3935 11616 3143
3935 11616 3145
3935 11616 3149
3937 11616 3152
3936 11617 3154
3936 11617 3159
3937 11617 3164
3938 11617 3168
3941 11617 3187
3943 11618 3189
3945 11618 3187
3950 11619 3187
3954 11619 3182
3957 11620 3182
3961 11620 3185
3964 11621 3187
3969 11621 3185
3974 11622 3189
3977 11622 3191
3982 11622 3193
3987 11623 3196
3993 11623 3198
4000 11624 3196
4007 11625 3196
4012 11625 3196
4019 11628 3198
4025 11629 3198
4032 11630 3201
4039 11631 3219
4046 11632 3217
4052 11633 3223
4058 11633 3224
4064 11634 3214
4070 11634 3219
4077 11635 3219
4084 11635 3219
4094 11636 3210
4105 11637 3210
4117 11638 3210
4129 11638 3210
4140 11640 3214
4150 11641 3216
4160 11643 3216
4171 11644 3217
4181 11645 3217
4191 11646 3224
4202 11647 3223
4212 11647 3223
4224 11648 3219
4238 11649 3210
4250 11649 3212
4262 11650 3212
4273 11651 3214
4285 11652 3217
4299 11652 3219
4314 11653 3219
4329 11654 3223
4342 11654 3217
4356 11654 3216
4370 11654 3214
4386 11654 3210
4402 11655 3205
4419 11655 3201
4435 11655 3198
4450 11656 3194
4468 11656 3196
4484 11656 3194
4502 11656 3194
4520 11656 3193
4538 11656 3194
4555 11656 3200
4572 11656 3201
4587 11656 3205
4602 11656 3203
4617 11655 3187
4633 11655 3185
4651 11654 3180
4670 11654 3182
4688 11654 3210
4705 11654 3210
4722 11653 3212
4739 11653 3210
4758 11652 3189
4780 11651 3187
4802 11650 3182
4824 11649 3178
4844 11649 3177
4862 11649 3178
4879 11649 3180
4896 11649 3180
4913 11649 3180
4932 11648 3177
4952 11647 3177
4973 11646 3177
4993 11645 3189
5014 11644 3187
5035 11644 3184
5056 11643 3182
5075 11642 3171
5094 11641 3168
5114 11638 3168
5133 11638 3166
5154 11636 3161
5176 11635 3156
5198 11633 3154
5220 11631 3154
5241 11629 3156
5262 11627 3157
5282 11625 3154
5303 11624 3156
5323 11622 3154
5346 11620 3161
5367 11618 3166
5387 11616 3166
5409 11614 3168
5430 11612 3163
5453 11609 3161
5476 11607 3159
5498 11606 3159
5520 11605 3159
5539 11604 3159
5562 11602 3161
5583 11601 3161
5603 11599 3171
5627 11597 3173
5649 11596 3173
5671 11594 3175
5692 11593 3170
5713 11591 3173
5735 11589 3171
5758 11587 3170
5783 11586 3166
5809 11584 3164
5834 11582 3163
5857 11579 3164
5880 11577 3164
5901 11574 3168
5925 11572 3170
5949 11570 3168
5971 11566 3171
5994 11564 3166
6017 11561 3166
6041 11558 3166
6065 11555 3164
6091 11553 3163
6114 11549 3164
6136 11548 3164
6158 11546 3166
6179 11543 3166
6199 11541 3166
6221 11539 3163
6244 11538 3159
6266 11536 3157
6288 11535 3159
6311 11534 3163
6332 11534 3166
6354 11533 3170
6376 11532 3166
6399 11531 3164
6422 11530 3164
6443 11529 3166
6466 11529 3170
6487 11528 3170
6507 11527 3168
6530 11526 3168
6551 11526 3173
6571 11525 3171
6593 11525 3173
6614 11525 3171
6633 11524 3180
6655 11524 3180
6677 11523 3178
6698 11523 3173
6722 11523 3154
6746 11523 3152
6768 11524 3154
6790 11524 3159
6810 11524 3164
6831 11525 3168
6851 11526 3163
6873 11526 3154
6895 11527 3147
6917 11528 3140
6938 11528 3140
6961 11529 3136
6982 11530 3135
7000 11530 3131
7020 11531 3129
7038 11531 3133
7058 11531 3136
7077 11531 3131
7098 11531 3126
7117 11531 3119
7135 11531 3114
7152 11531 3108
7170 11531 3107
7187 11531 3108
7204 11531 3103
7223 11531 3114
7240 11530 3112
7255 11530 3107
7272 11529 3112
7288 11528 3105
7303 11527 3100
7317 11526 3096
7331 11524 3089
7346 11523 3084
7358 11522 3084
7370 11521 3086
7383 11521 3087
7395 11520 3091
7407 11520 3091
7418 11519 3094
7427 11519 3094
7434 11519 3091
7443 11519 3091
7451 11518 3087
7460 11518 3084
7469 11518 3089
7478 11517 3084
7486 11517 3079
7494 11516 3075
7502 11515 3065
7507 11514 3067
7514 11514 3068
7520 11513 3070
7524 11513 3072
7532 11513 3070
7536 11513 3068
7542 11511 3068
7545 11511 3067
7548 11511 3070
7552 11511 3072
7554 11511 3074
7556 11511 3074
7556 11511 3065
7557 11511 3065
7557 11511 3063
7556 11513 3067
7557 11513 3065
7557 11513 3061
7557 11511 3063
7557 11513 3058
7557 11513 3053
7557 11513 3044
7558 11513 3036
7557 11513 3034
7558 11513 3027
7558 11513 3020
7558 11513 3010
7558 11513 3001
7558 11513 3000
7558 11514 2998
7557 11514 2996
7557 11516 2994
7557 11517 2993
7557 11519 2989
7557 11521 2988
7556 11524 2982
7556 11527 2977
7556 11531 2979
7557 11536 2982
7557 11542 2988
7557 11548 2989
7557 11554 2988
7558 11561 2988
7558 11568 2982
7558 11574 2984
7558 11583 2984
7558 11590 2984
7559 11598 2979
7559 11605 2981
7560 11612 2979
7561 11622 2979
7561 11631 2986
7561 11641 2984
7562 11651 2986
7564 11660 2986
7564 11669 2986
7564 11680 2986
7565 11692 2984
7565 11705 2988
7567 11720 2979
7567 11734 2982
7567 11747 2984
7567 11761 2982
7568 11774 2986
7568 11787 2982
7568 11801 2977
7568 11814 2976
7568 11827 2965
7568 11839 2969
7568 11852 2969
7568 11865 2969
7569 11879 2982
7570 11892 2982
7570 11907 2982
7570 11921 2981
7569 11936 2982
7568 11951 2982
7568 11967 2982
7568 11982 2982
7567 11998 2984
7566 12013 2991
7565 12028 2996
7565 12043 2996
7565 12057 2994
7565 12073 2979
7566 12087 2976
7565 12102 2976
7564 12117 2977
7565 12133 2991
7562 12148 2991
7561 12163 2993
7561 12178 2993
7557 12193 2986
7556 12208 2989
7555 12222 2988
7553 12237 2986
7554 12251 2982
7553 12266 2979
7552 12281 2981
7552 12296 2979
7552 12310 2982
7552 12325 2982
7551 12341 2979
7551 12356 2979
7549 12372 2981
7548 12386 2984
7548 12400 2984
7547 12414 2984
7548 12428 2984
7547 12441 2981
7547 12454 2979
7547 12466 2977
7547 12476 2976
7547 12488 2974
7547 12498 2976
7547 12508 2976
7547 12518 2972
7547 12527 2979
7546 12535 2976
7546 12542 2976
7546 12548 2977
7545 12554 2982
7545 12558 2984
7545 12562 2982
7545 12565 2986
7544 12567 2928
7544 12569 2925
7544 12569 2920
7544 12570 2908
7543 12570 2943
7543 12569 2937
7542 12569 2931
7543 12569 2926
7543 12568 2926
7542 12568 2916
7542 12567 2911
7541 12567 2908
7540 12565 2884
7540 12565 2881
7540 12565 2871
7540 12565 2867
7539 12564 2878
7539 12564 2874
7539 12564 2871
7539 12563 2864
7541 12563 2859
7541 12563 2852
7541 12563 2849
7540 12562 2847
7539 12562 2841
7540 12562 2841
7539 12561 2837
7538 12560 2839
7533 12558 2831
7533 12557 2836
7531 12556 2836
7530 12554 2836
7529 12552 2836
7527 12551 2831
7524 12550 2829
7522 12548 2826
7519 12548 2832
7518 12547 2832
7518 12546 2832
7517 12546 2834
7518 12545 2831
7517 12544 2834
7514 12543 2834
7510 12541 2832
7507 12539 2852
7505 12538 2851
7502 12537 2851
7500 12536 2851
7498 12535 2842
7495 12534 2841
7493 12533 2839
7490 12532 2836
7485 12530 2822
7482 12529 2824
7477 12527 2826
7471 12525 2827
7467 12523 2831
7463 12520 2827
7456 12519 2827
7450 12517 2827
7443 12514 2822
7435 12513 2821
7430 12511 2824
7422 12509 2822
7415 12507 2826
7406 12505 2829
7396 12503 2827
7386 12501 2829
7375 12499 2827
7364 12497 2826
7350 12494 2826
7337 12491 2821
7322 12488 2824
7306 12485 2829
7293 12482 2829
7280 12479 2831
7267 12476 2831
7255 12474 2826
7241 12472 2822
7228 12470 2822
7216 12468 2822
7201 12465 2831
7186 12463 2836
7168 12460 2834
7152 12458 2834
7136 12455 2836
7121 12452 2836
7104 12449 2839
7088 12446 2839
7073 12444 2832
7057 12441 2831
7041 12440 2826
7027 12438 2826
7012 12437 2827
6999 12436 2829
6985 12436 2834
6972 12435 2836
6960 12435 2837
6945 12435 2841
6930 12435 2842
6914 12435 2841
6899 12435 2839
6885 12435 2842
6871 12435 2841
6857 12434 2844
6843 12434 2844
6830 12434 2842
6817 12434 2844
6803 12434 2841
6789 12434 2839
6774 12434 2834
6760 12434 2837
6746 12434 2842
6732 12434 2844
6720 12434 2851
6705 12434 2852
6691 12435 2851
6676 12436 2852
6659 12436 2852
6646 12437 2849
6634 12437 2857
6621 12437 2859
6608 12437 2861
6594 12438 2866
6581 12438 2861
6569 12438 2861
6558 12438 2867
6546 12438 2867
6535 12438 2867
6522 12438 2869
6507 12440 2869
6495 12441 2869
6483 12441 2871
6471 12441 2871
6460 12441 2861
6447 12441 2864
6435 12441 2862
6425 12441 2861
6412 12442 2864
6402 12442 2852
6390 12442 2849
6379 12442 2847
6370 12442 2851
6360 12442 2866
6350 12442 2869
6341 12441 2871
6330 12442 2869
6320 12442 2857
6308 12442 2857
6298 12442 2856
6287 12442 2859
6276 12441 2869
6265 12441 2871
6256 12441 2872
6247 12441 2871
6237 12441 2867
6228 12440 2869
6219 12440 2867
6211 12438 2866
6204 12438 2861
6193 12437 2859
6185 12436 2857
6176 12435 2857
6168 12435 2861
6161 12434 2862
6154 12434 2861
6149 12433 2859
6142 12433 2859
6136 12433 2856
6128 12432 2857
6121 12432 2861
6111 12432 2859
6104 12431 2861
6098 12430 2861
6091 12430 2861
6084 12429 2864
6077 12428 2866
6070 12428 2866
6065 12427 2864
6059 12427 2864
6054 12425 2861
6049 12425 2862
6044 12425 2864
6039 12425 2864
6033 12425 2872
6028 12425 2872
6025 12425 2874
6022 12425 2878
6018 12425 2872
6015 12425 2872
6014 12425 2872
6013 12425 2874
6012 12425 2879
6009 12425 2883
6009 12425 2886
6009 12427 2889
6008 12427 2889
6008 12427 2891
6008 12428 2894
6008 12428 2899
6009 12428 2920
6009 12429 2926
6009 12429 2935
6009 12429 2942
6009 12430 2948
6009 12430 2960
6009 12431 2967
6009 12431 2977
6011 12432 2982
6011 12432 2986
6011 12432 2994
6011 12433 2998
6011 12434 2998
6012 12435 3008
6012 12436 3015
6011 12436 3020
6011 12437 3027
6009 12438 3032
6009 12438 3036
6009 12440 3042
6009 12441 3048
6009 12442 3058
6011 12444 3063
6011 12445 3067
6011 12446 3068
6009 12447 3061
6009 12448 3067
6011 12450 3070
6012 12453 3072
6015 12456 3081
6015 12459 3081
6015 12462 3082
6015 12466 3084
6017 12471 3087
6018 12476 3091
6019 12480 3094
6020 12485 3094
6019 12490 3096
6021 12495 3098
6022 12501 3096
6022 12509 3100
6025 12516 3114
6027 12524 3114
6028 12533 3112
6031 12542 3108
6033 12551 3087
6035 12561 3087
6037 12572 3089
6038 12583 3091
6039 12596 3094
6040 12609 3091
6041 12622 3093
6044 12637 3091
6047 12651 3091
6050 12665 3096
6052 12679 3091
6054 12694 3089
6056 12709 3087
6059 12726 3093
6060 12742 3093
6064 12760 3094
6066 12778 3094
6068 12796 3084
6070 12815 3084
6073 12835 3086
6075 12854 3084
6079 12874 3086
6081 12893 3086
6083 12913 3087
6085 12933 3089
6089 12955 3084
6091 12978 3084
6094 13002 3081
6096 13026 3081
6098 13051 3094
6100 13076 3094
6103 13101 3096
6106 13126 3098
6109 13151 3098
6111 13177 3096
6111 13203 3096
6114 13229 3094
6117 13257 3082
6119 13283 3084
6121 13308 3087
6123 13333 3087
6123 13358 3091
6125 13384 3093
6127 13411 3089
6128 13438 3087
6130 13465 3086
6132 13491 3089
6133 13517 3091
6134 13542 3094
6134 13568 3096
6135 13596 3100
6135 13623 3098
6135 13650 3096
6135 13677 3094
6134 13704 3075
6134 13729 3077
6133 13754 3075
6133 13781 3075
6130 13806 3086
6130 13833 3086
6130 13859 3091
6130 13885 3091
6130 13911 3091
6130 13936 3091
6130 13961 3093
6130 13985 3096
6129 14010 3089
6127 14035 3089
6127 14060 3089
6127 14083 3089
6125 14106 3093
6125 14129 3094
6125 14152 3093
6123 14176 3094
6123 14198 3098
6123 14219 3100
6123 14242 3101
6122 14264 3100
6123 14287 3100
6125 14310 3108
6125 14331 3108
6125 14354 3108
6123 14375 3107
6123 14396 3112
6123 14418 3110
6123 14439 3110
6125 14458 3112
6123 14480 3091
6123 14500 3091
6125 14520 3091
6126 14541 3091
6126 14560 3082
6127 14579 3084
6127 14597 3086
6128 14614 3087
6127 14633 3103
6127 14651 3101
6127 14668 3107
6128 14686 3107
6132 14704 3115
6133 14722 3115
6134 14739 3110
6135 14757 3110
6136 14774 3101
6136 14790 3100
6136 14808 3101
6138 14824 3101
6136 14838 3103
6138 14855 3103
6139 14870 3105
6139 14886 3105
6142 14903 3107
6142 14918 3107
6144 14935 3105
6145 14951 3103
6146 14965 3103
6146 14981 3101
6147 14995 3100
6148 15011 3100
6149 15026 3098
6151 15040 3103
6152 15054 3103
6153 15066 3103
6153 15082 3107
6152 15095 3117
6153 15110 3117
6154 15124 3117
6154 15136 3114
6155 15149 3114
6155 15161 3114
6155 15172 3114
6154 15185 3112
6155 15197 3101
6155 15211 3100
6155 15221 3098
6155 15233 3094
6154 15244 3094
6154 15255 3091
6154 15266 3089
6154 15276 3087
6155 15289 3082
6154 15301 3082
6154 15313 3081
6154 15324 3082
6154 15338 3084
6154 15351 3087
6154 15364 3089
6154 15378 3087
6157 15391 3082
6155 15403 3081
6157 15415 3079
6157 15425 3077
6155 15437 3081
6157 15447 3072
6157 15457 3074
6157 15467 3075
6158 15476 3077
6158 15484 3098
6158 15492 3100
6159 15499 3100
6159 15507 3098
6160 15516 3089
6161 15523 3089
6161 15528 3091
6161 15536 3093
6164 15542 3087
6164 15548 3087
6165 15555 3087
6165 15559 3087
6161 15566 3093
6161 15570 3093
6162 15572 3096
6162 15574 3096
6165 15575 3108
6165 15576 3107
6165 15576 3110
6166 15576 3094
6165 15576 3098
6166 15576 3101
6166 15576 3107
6166 15576 3115
6167 15576 3124
6166 15575 3128
6166 15575 3133
6165 15574 3138
6164 15574 3140
6164 15574 3147
6164 15573 3152
6165 15573 3156
6165 15572 3156
6166 15571 3156
6167 15570 3156
6168 15570 3157
6171 15569 3166
6173 15567 3168
6174 15566 3164
6177 15565 3166
6179 15564 3168
6181 15563 3170
6184 15562 3173
6187 15561 3175
6189 15559 3175
6193 15559 3177
6196 15557 3180
6199 15557 3182
6205 15555 3189
6208 15555 3191
6212 15555 3200
6216 15555 3205
6218 15553 3216
6223 15553 3219
6228 15552 3219
6233 15552 3219
6238 15551 3203
6244 15551 3203
6250 15551 3203
6256 15551 3203
6262 15551 3210
6267 15551 3216
6273 15551 3217
6281 15551 3217
6289 15551 3216
6299 15551 3216
6307 15552 3216
6314 15552 3219
6322 15553 3221
6329 15555 3221
6338 15555 3230
6348 15555 3232
6358 15557 3237
6369 15557 3240
6379 15557 3242
6388 15559 3248
6397 15559 3248
6408 15562 3256
6418 15563 3251
6428 15564 3249
6440 15565 3248
6452 15566 3265
6465 15568 3265
6478 15569 3265
6489 15571 3265
6502 15573 3239
6514 15574 3237
6527 15576 3237
6541 15578 3235
6555 15580 3235
6568 15582 3239
6580 15584 3237
6591 15584 3242
6602 15586 3244
6615 15588 3237
6628 15589 3240
6642 15591 3239
6657 15592 3240
6671 15593 3251
6689 15595 3253
6707 15597 3249
6726 15599 3248
6744 15600 3242
6761 15603 3239
6779 15605 3242
6796 15609 3240
6814 15611 3240
6833 15614 3237
6851 15618 3233
6871 15621 3237
6889 15624 3239
6909 15626 3237
6929 15628 3239
6949 15632 3237
6971 15634 3221
6989 15637 3228
7009 15640 3230
7028 15642 3230
7050 15644 3235
7072 15646 3230
7094 15649 3224
7114 15651 3223
7133 15653 3233
7153 15655 3233
7174 15657 3233
7193 15659 3230
7215 15661 3223
7234 15663 3212
7254 15664 3212
7275 15666 3212
7293 15667 3210
7317 15669 3207
7340 15670 3201
7364 15671 3200
7388 15673 3194
7413 15674 3193
7434 15674 3191
7457 15675 3187
7480 15675 3182
7500 15675 3185
7520 15675 3189
7542 15675 3189
7564 15674 3191
7586 15674 3201
7609 15674 3194
7634 15674 3187
7658 15674 3185
7681 15674 3170
7705 15673 3168
7727 15674 3170
7749 15674 3168
7772 15674 3166
7793 15674 3171
7812 15674 3173
7833 15674 3173
7854 15674 3177
7876 15674 3175
7900 15674 3175
7921 15674 3175
7940 15674 3178
7960 15674 3171
7981 15674 3168
8003 15674 3168
8027 15673 3164
8050 15673 3173
8069 15673 3171
8090 15673 3171
8108 15672 3171
8125 15672 3170
8143 15671 3171
8163 15670 3170
8181 15669 3170
8204 15668 3164
8222 15667 3168
8241 15666 3171
8259 15665 3177
8276 15664 3191
8294 15663 3189
8311 15663 3187
8331 15662 3184
8349 15661 3173
8369 15659 3173
8387 15659 3170
8404 15657 3168
8420 15655 3170
8438 15653 3170
8454 15651 3173
8471 15650 3175
8488 15648 3173
8505 15646 3177
8522 15644 3171
8539 15643 3170
8556 15642 3168
8571 15640 3175
8588 15639 3182
8603 15637 3182
8621 15636 3187
8637 15634 3175
8654 15634 3173
8671 15632 3175
8687 15632 3173
8705 15632 3173
8721 15632 3173
8736 15632 3173
8751 15632 3171
8764 15632 3171
8779 15632 3175
8793 15632 3178
8806 15634 3182
8822 15634 3180
8835 15634 3177
8849 15636 3178
8863 15637 3182
8877 15638 3194
8892 15639 3201
8906 15640 3200
8919 15641 3196
8933 15642 3194
8945 15643 3184
8958 15644 3184
8971 15645 3185
8984 15646 3184
8997 15648 3187
9010 15649 3189
9022 15650 3191
9033 15650 3194
9044 15651 3207
9054 15652 3210
9064 15653 3210
9072 15654 3208
9079 15655 3203
9085 15657 3208
9091 15657 3212
9097 15657 3219
9102 15657 3219
9108 15657 3212
9113 15659 3208
9118 15659 3203
9123 15659 3208
9128 15659 3210
9132 15659 3208
9136 15659 3208
9137 15659 3207
9141 15659 3205
9144 15659 3205
9147 15657 3205
9149 15657 3193
9153 15657 3194
9154 15655 3189
9156 15655 3182
9156 15654 3184
9159 15653 3180
9160 15652 3173
9161 15651 3166
9162 15651 3157
9161 15650 3133
9162 15650 3129
9162 15649 3119
9164 15648 3112
9165 15647 3110
9165 15646 3098
9166 15645 3086
9167 15643 3068
9168 15642 3061
9169 15641 3053
9169 15638 3042
9170 15634 3037
9170 15630 3027
9171 15626 3012
9171 15623 3006
9172 15618 2998
9172 15612 3005
9172 15605 3001
9172 15599 2991
9172 15591 2984
9171 15582 2969
9171 15574 2964
9170 15563 2959
9170 15549 2952
9169 15537 2945
9168 15523 2938
9166 15510 2933
9165 15497 2931
9162 15484 2928
9160 15469 2931
9157 15453 2931
9155 15438 2928
9152 15421 2925
9149 15403 2921
9147 15383 2921
9144 15363 2925
9142 15342 2923
9139 15319 2945
9136 15295 2942
9132 15272 2938
9128 15249 2942
9126 15226 2928
9123 15201 2935
9121 15174 2940
9118 15145 2942
9114 15117 2938
9111 15088 2938
9109 15060 2942
9108 15030 2940
9107 15001 2942
9106 14970 2942
9105 14936 2940
9103 14903 2942
9102 14868 2948
9099 14835 2948
9098 14804 2948
9096 14770 2950
9095 14736 2947
9092 14702 2948
9090 14666 2950
9086 14632 2947
9086 14596 2957
9083 14559 2952
9082 14524 2947
9080 14485 2948
9077 14448 2937
9075 14409 2938
9073 14372 2942
9072 14335 2942
9070 14297 2943
9069 14260 2942
9067 14226 2942
9066 14193 2947
9066 14162 2948
9065 14130 2967
9065 14099 2974
9064 14069 2974
9063 14038 2974
9061 14008 2955
9060 13981 2952
9060 13954 2948
9060 13926 2945
9060 13900 2948
9059 13872 2948
9059 13845 2950
9058 13818 2950
9060 13791 2953
9059 13766 2953
9059 13741 2957
9059 13718 2960
9057 13694 2959
9057 13670 2962
9058 13648 2964
9058 13627 2964
9060 13606 2970
9060 13586 2972
9060 13568 2974
9061 13550 2979
9063 13535 2974
9064 13519 2977
9065 13502 2977
9066 13488 2977
9067 13473 2981
9069 13460 2977
9070 13446 2977
9072 13433 2982
9073 13419 2982
9075 13406 2982
9076 13392 2984
9077 13380 2979
9078 13367 2979
9080 13356 2974
9082 13344 2974
9084 13334 2972
9085 13325 2976
9086 13314 2994
9086 13306 2994
9088 13296 2998
9090 13287 2998
9092 13279 2989
9093 13269 2993
9095 13262 2996
9097 13255 3000
9097 13248 3001
9098 13244 3006
9099 13238 3006
9099 13235 3012
9104 13230 3018
9106 13225 3013
9107 13221 3015
9109 13217 3015
9108 13213 3015
9108 13212 3022
9109 13209 3030
9110 13208 3037
9111 13206 3060
9113 13205 3074
9113 13205 3086
9114 13204 3098
9116 13204 3100
9118 13204 3107
9119 13204 3108
9120 13204 3115
9121 13204 3119
9120 13204 3126
9121 13203 3136
9122 13203 3147
9122 13203 3156
9124 13203 3159
9126 13203 3170
9128 13203 3175
9130 13203 3185
9131 13204 3201
9132 13204 3208
9134 13204 3217
9136 13204 3221
9141 13203 3221
9143 13203 3223
9145 13203 3228
9148 13203 3235
9149 13203 3244
9153 13202 3244
9157 13202 3240
9162 13202 3237
9169 13200 3232
9175 13200 3230
9181 13200 3226
9187 13200 3228
9192 13200 3223
9198 13200 3226
9203 13200 3232
9208 13200 3239
9211 13200 3256
9216 13198 3267
9221 13198 3274
9225 13198 3276
9233 13196 3281
9242 13196 3283
9250 13194 3283
9260 13192 3285
9272 13190 3280
9281 13190 3283
9292 13188 3280
9302 13187 3276
9314 13186 3278
9325 13185 3278
9337 13183 3280
9350 13182 3280
9364 13180 3280
9378 13178 3271
9391 13176 3269
9407 13175 3267
9421 13173 3265
9435 13171 3262
9450 13169 3260
9465 13167 3260
9479 13167 3260
9495 13165 3264
9510 13163 3271
9525 13161 3272
9540 13160 3274
9554 13159 3272
9567 13157 3271
9581 13156 3269
9594 13155 3265
9609 13154 3272
9624 13153 3272
9638 13152 3272
9653 13151 3272
9667 13151 3267
9679 13152 3265
9693 13152 3267
9705 13152 3265
9718 13152 3264
9733 13152 3256
9746 13152 3253
9761 13152 3253
9772 13152 3253
9784 13152 3251
9797 13152 3251
9809 13152 3248
9823 13152 3244
9835 13152 3255
9848 13152 3255
9859 13152 3255
9870 13152 3255
9883 13153 3248
9895 13153 3248
9908 13154 3248
9920 13154 3246
9931 13155 3246
9942 13155 3244
9952 13155 3240
9962 13156 3240
9973 13157 3230
9982 13159 3228
9991 13160 3228
10000 13161 3228
10008 13162 3239
10016 13163 3237
10024 13165 3237
10032 13165 3239
10040 13167 3235
10045 13167 3235
10050 13169 3235
10055 13169 3233
10060 13171 3239
10066 13171 3240
10071 13171 3239
10076 13173 3239
10080 13173 3237
10084 13175 3224
10087 13176 3224
10091 13177 3224
10094 13178 3224
10098 13180 3232
10100 13180 3230
10102 13181 3232
10105 13182 3228
10107 13182 3224
10109 13183 3224
10111 13184 3223
10112 13184 3223
10113 13185 3224
10114 13186 3223
10114 13186 3219
10115 13187 3217
10117 13187 3210
10117 13187 3207
10118 13188 3201
10117 13188 3196
10118 13188 3177
10118 13190 3168
10118 13190 3159
10119 13190 3152
10119 13190 3175
10119 13192 3168
10119 13192 3161
10119 13194 3152
10120 13196 3131
10119 13200 3122
10119 13203 3115
10119 13206 3110
10119 13211 3103
10119 13215 3107
10119 13221 3103
10118 13227 3100
10118 13233 3096
10117 13238 3086
10115 13246 3082
10114 13254 3077
10114 13262 3075
10114 13269 3081
10112 13279 3079
10111 13288 3077
10109 13298 3075
10108 13308 3067
10107 13319 3067
10106 13331 3068
10105 13344 3068
10102 13358 3070
10102 13373 3070
10101 13389 3070
10101 13406 3072
10102 13423 3074
10102 13440 3075
10101 13459 3077
10100 13477 3079
10098 13496 3086
10097 13516 3086
10097 13535 3087
10096 13554 3089
10094 13575 3079
10094 13598 3077
10092 13621 3079
10092 13646 3079
10093 13673 3086
10093 13698 3086
10093 13723 3086
10093 13750 3086
10093 13775 3084
10092 13802 3089
10092 13829 3089
10092 13858 3087
10091 13886 3087
10091 13913 3075
10091 13940 3079
10091 13968 3082
10092 13995 3086
10095 14024 3094
10095 14052 3096
10096 14081 3094
10097 14110 3094
10095 14139 3093
10097 14168 3091
10098 14197 3091
10099 14228 3089
10101 14260 3089
10102 14294 3087
10104 14328 3086
10105 14360 3084
10105 14393 3094
10105 14425 3093
10106 14456 3087
10106 14486 3084
10104 14519 3053
10104 14550 3055
10102 14581 3056
10102 14611 3060
10102 14641 3081
10104 14672 3079
10102 14703 3077
10102 14733 3077
10104 14762 3068
10102 14791 3072
10102 14820 3068
10101 14849 3067
10099 14879 3070
10099 14909 3074
10098 14939 3075
10098 14970 3075
10096 14999 3074
10094 15027 3082
10093 15055 3084
10091 15082 3086
10089 15110 3087
10089 15139 3075
10086 15167 3075
10085 15194 3074
10083 15220 3072
10077 15246 3068
10076 15272 3070
10074 15297 3072
10072 15324 3074
10072 15351 3082
10070 15378 3082
10068 15405 3086
10066 15430 3086
10063 15457 3081
10063 15482 3084
10060 15509 3084
10058 15537 3086
10056 15565 3086
10054 15594 3086
10051 15621 3086
10050 15648 3087
10048 15674 3094
10047 15699 3096
10045 15725 3096
10043 15750 3096
10041 15774 3091
10038 15799 3091
10037 15824 3089
10035 15847 3084
10034 15870 3079
10032 15893 3084
10030 15917 3081
10029 15940 3082
10026 15965 3084
10026 15988 3079
10025 16013 3079
10025 16035 3075
10024 16058 3075
10021 16081 3068
10019 16103 3067
10018 16125 3067
10017 16146 3065
10017 16167 3063
10016 16190 3063
10015 16213 3060
10013 16236 3058
10013 16260 3060
10012 16284 3056
10011 16307 3055
10010 16331 3055
10009 16354 3046
10008 16379 3046
10007 16403 3044
10007 16428 3041
10006 16454 3058
10006 16479 3055
10005 16503 3051
10004 16526 3051
10002 16548 3030
10000 16572 3027
10000 16595 3027
9999 16618 3025
9999 16641 3029
9998 16663 3029
9998 16685 3025
9997 16706 3025
9998 16727 3025
9998 16749 3032
9998 16771 3032
9998 16794 3032
9997 16817 3029
9994 16841 3025
9994 16864 3024
9994 16887 3024
9993 16910 3024
9994 16933 3017
9993 16954 3017
9993 16977 3015
9993 16998 3015
9992 17019 3017
9992 17040 3017
9991 17061 3020
9988 17081 3018
9986 17104 3025
9986 17124 3027
9985 17143 3029
9984 17162 3030
9985 17181 3025
9984 17200 3025
9984 17220 3025
9984 17238 3027
9983 17257 3029
9982 17275 3025
9981 17292 3025
9979 17310 3024
9978 17327 3025
9979 17343 3025
9978 17358 3025
9977 17373 3027
9977 17388 3024
9974 17404 3022
9973 17420 3024
9972 17435 3024
9972 17452 3027
9971 17468 3039
9970 17484 3037
9969 17500 3037
9968 17515 3034
9966 17531 3036
9965 17545 3036
9965 17558 3037
9964 17571 3036
9962 17583 3025
9962 17595 3025
9961 17606 3025
9960 17616 3025
9959 17627 3024
9958 17637 3022
9957 17647 3022
9955 17657 3022
9956 17666 3029
9956 17676 3029
9955 17684 3027
9954 17694 3027
9952 17703 3020
9950 17712 3020
9949 17721 3018
9947 17728 3017
9947 17735 3024
9946 17741 3020
9945 17747 3018
9944 17753 3015
9941 17759 3006
9939 17764 3005
9937 17769 3001
9936 17774 3000
9936 17778 2996
9933 17783 2989
9932 17787 2989
9930 17790 2991
9928 17793 2991
9928 17795 3003
9926 17798 3000
9924 17801 2994
9923 17804 2993
9921 17808 2984
9919 17811 2982
9918 17814 2981
9917 17816 2981
9914 17818 2977
9913 17820 2976
9911 17822 2974
9911 17824 2970
9911 17825 2969
9911 17826 2965
9910 17827 2960
9910 17828 2957
9910 17828 2948
9909 17829 2945
9909 17829 2942
9908 17830 2937
9908 17830 2940
9907 17831 2935
9907 17832 2931
9906 17833 2926
9904 17833 2916
9902 17834 2909
9899 17835 2904
9898 17835 2901
9898 17836 2901
9898 17836 2898
9897 17837 2896
9897 17838 2893
9895 17839 2879
9893 17840 2876
9891 17841 2872
9889 17842 2869
9888 17843 2894
9886 17843 2891
9883 17845 2891
9880 17846 2889
9880 17847 2874
9877 17848 2871
9875 17849 2866
9872 17850 2861
9868 17851 2849
9865 17852 2842
9863 17853 2836
9860 17854 2829
9857 17855 2826
9853 17857 2821
9848 17859 2817
9844 17860 2817
9837 17862 2826
9829 17864 2824
9821 17867 2824
9814 17870 2826
9805 17872 2822
9797 17875 2826
9789 17877 2826
9781 17881 2824
9770 17884 2824
9759 17887 2826
9749 17890 2827
9738 17893 2829
9728 17897 2826
9716 17900 2826
9706 17903 2822
9695 17906 2822
9683 17909 2821
9674 17912 2819
9664 17915 2821
9653 17918 2819
9642 17920 2819
9629 17923 2814
9617 17926 2814
9604 17929 2814
9593 17932 2814
9581 17935 2826
9569 17938 2822
9558 17941 2819
9545 17943 2813
9530 17945 2794
9518 17949 2796
9505 17951 2794
9492 17953 2796
9479 17956 2801
9465 17959 2799
9451 17961 2799
9437 17964 2801
9423 17966 2801
9408 17968 2803
9395 17970 2803
9381 17973 2801
9369 17974 2794
9353 17976 2793
9340 17978 2793
9325 17981 2791
9308 17983 2788
9291 17985 2788
9273 17986 2784
9255 17988 2788
9238 17990 2798
9224 17992 2798
9208 17994 2798
9192 17995 2796
9177 17997 2796
9160 17999 2798
9143 18001 2799
9126 18002 2801
9108 18004 2801
9091 18006 2796
9073 18008 2798
9056 18010 2794
9038 18012 2799
9020 18014 2813
9001 18015 2809
8982 18017 2809
8964 18019 2804
8945 18020 2794
8927 18022 2793
8908 18023 2789
8888 18025 2793
8870 18026 2788
8851 18027 2788
8831 18028 2788
8812 18029 2781
8790 18030 2781
8771 18030 2781
8752 18030 2781
8733 18031 2784
8716 18031 2789
8696 18030 2789
8674 18030 2788
8650 18029 2788
8626 18028 2781
8603 18027 2779
8578 18026 2781
8557 18024 2779
8535 18023 2788
8513 18020 2784
8489 18020 2784
8467 18018 2786
8443 18017 2778
8419 18015 2778
8396 18013 2778
8372 18012 2775
8348 18010 2778
8324 18009 2778
8300 18007 2778
8277 18006 2778
8253 18004 2778
8230 18003 2778
8205 18001 2778
8180 18000 2776
8155 17998 2776
8131 17997 2778
8107 17995 2778
8083 17994 2779
8059 17993 2781
8032 17991 2773
8006 17991 2775
7980 17990 2775
7956 17989 2775
7932 17989 2776
7909 17988 2778
7885 17987 2776
7861 17985 2775
7837 17984 2783
7812 17983 2786
7787 17981 2786
7761 17980 2788
7735 17979 2786
7711 17979 2784
7688 17979 2783
7666 17979 2781
7646 17980 2773
7622 17981 2768
7597 17982 2765
7572 17983 2761
7546 17984 2763
7522 17985 2760
7500 17986 2761
7476 17987 2760
7451 17987 2753
7427 17988 2756
7403 17989 2756
7377 17990 2758
7352 17992 2766
7327 17993 2768
7301 17995 2766
7277 17995 2768
7253 17998 2763
7229 17999 2763
7206 18001 2763
7183 18002 2761
7160 18002 2760
7136 18003 2761
7113 18003 2760
7088 18004 2761
7064 18005 2765
7040 18005 2770
7018 18005 2768
6995 18005 2768
6971 18004 2766
6947 18003 2761
6922 18003 2763
6897 18002 2763
6872 18002 2766
6847 18001 2768
6822 17999 2768
6797 17997 2770
6772 17995 2770
6746 17994 2756
6719 17993 2756
6691 17992 2758
6662 17991 2761
6637 17989 2775
6611 17988 2773
6586 17986 2771
6560 17985 2768
6532 17984 2766
6504 17982 2766
6478 17980 2766
6452 17979 2765
6427 17977 2765
6401 17976 2768
6376 17975 2768
6350 17974 2768
6323 17973 2766
6299 17972 2760
6275 17972 2760
6250 17970 2760
6227 17970 2755
6203 17970 2755
6179 17970 2755
6155 17970 2753
6134 17970 2756
6111 17972 2756
6085 17974 2758
6060 17975 2758
6035 17977 2755
6009 17978 2758
5986 17980 2758
5961 17981 2760
5936 17983 2768
5913 17985 2771
5889 17986 2773
5865 17988 2773
5842 17990 2770
5817 17991 2768
5793 17993 2766
5771 17995 2768
5749 17998 2765
5728 18002 2756
5704 18005 2753
5683 18008 2748
5660 18012 2748
5636 18016 2766
5615 18019 2766
5594 18023 2768
5571 18027 2770
5552 18031 2763
5532 18036 2763
5510 18040 2765
5489 18044 2765
5466 18047 2758
5444 18052 2758
5422 18055 2756
5399 18059 2755
5378 18062 2755
5357 18066 2756
5336 18070 2756
5315 18072 2758
5292 18077 2776
5273 18080 2776
5252 18083 2778
5231 18085 2778
5209 18088 2771
5189 18090 2771
5169 18093 2771
5148 18096 2771
5127 18097 2758
5106 18101 2756
5085 18103 2752
5066 18105 2748
5046 18106 2742
5025 18108 2742
5004 18109 2742
4983 18111 2745
4961 18112 2758
4941 18112 2760
4921 18113 2760
4901 18113 2758
4881 18113 2756
4860 18113 2750
4840 18113 2750
4820 18112 2748
4800 18112 2747
4778 18111 2752
4757 18109 2750
4736 18108 2748
4714 18106 2745
4695 18104 2756
4675 18102 2758
4655 18099 2758
4634 18096 2760
4614 18093 2748
4593 18090 2750
4573 18087 2748
4553 18085 2747
4532 18082 2745
4512 18079 2743
4492 18076 2742
4473 18072 2743
4454 18070 2738
4434 18066 2737
4414 18062 2735
4393 18058 2732
4371 18054 2735
4352 18050 2735
4331 18045 2737
4310 18040 2737
4290 18035 2729
4269 18030 2730
4247 18025 2730
4225 18020 2732
4203 18015 2730
4180 18010 2730
4157 18004 2730
4133 17999 2732
4112 17994 2743
4090 17990 2748
4071 17985 2750
4052 17980 2750
4032 17975 2750
4011 17970 2743
3992 17965 2745
3973 17960 2743
3952 17955 2747
3935 17950 2755
3916 17945 2755
3897 17939 2758
3879 17934 2758
3860 17928 2756
3842 17923 2758
3823 17917 2765
3805 17912 2773
3790 17907 2799
3772 17901 2806
3755 17896 2806
3740 17890 2808
3726 17885 2793
3712 17880 2791
3698 17875 2789
3684 17871 2788
3669 17867 2781
3655 17863 2784
3643 17860 2786
3631 17857 2788
3620 17854 2784
3609 17851 2781
3601 17850 2779
3592 17847 2776
3582 17845 2788
3573 17843 2786
3563 17842 2786
3555 17841 2786
3548 17840 2775
3541 17840 2773
3536 17840 2768
3531 17840 2763
3525 17840 2730
3519 17839 2690
3516 17839 2633
3512 17839 2557
3509 17839 2481
3507 17839 2386
3506 17839 2268
3506 17839 2128
3506 17839 1958
3509 17840 1761
3510 17840 1514
3511 17840 1192
3512 17839 809
3516 17838 347
3516 17838 0
3516 17838 0
3525 17845 0
3531 17849 0
3535 17851 0
3550 17856 0
3564 17859 0
3580 17862 0
3589 17863 0
3605 17863 0
3625 17861 0
3649 17859 0
3658 17858 0
3671 17856 0
3684 17855 0
3701 17853 0
3722 17852 0
3752 17851 0
3779 17850 0
3806 17849 0
3831 17848 0
3858 17846 0
786 355 0
